# Fix print output for fix def1
-7.16814189281715e-16 0.0993361915298532 -0.381207334475541 0.286144969561253
0.000199999999999214 0.122047815307355 0.0591608542730207 0.478527448601316
0.000399999999999145 -0.0816252785759206 0.00159533989054173 0.410045079489051
0.000599999999999255 0.0253250857783999 0.0267612001725289 0.494363004575207
0.000799999999999186 0.0113234489067691 -0.0340709781080074 0.501448647154904
0.000999999999999117 0.00204882615197542 0.0129733190559092 0.547361313379083
0.00119999999999923 -0.0102887577291904 0.01135916882505 0.574381564010806
0.00139999999999916 0.00500422260949679 -0.00473873513702248 0.607916172266351
0.00159999999999927 0.0115104354921657 -0.000118376106223359 0.645554857448511
0.0017999999999992 -0.00603828514742908 -0.000621896053366665 0.673327699566819
0.00199999999999913 -0.000121353824071656 0.012258823259357 0.714153698389245
0.00219999999999924 0.00186361093460634 -0.00876583805222981 0.740342882703827
0.00239999999999917 0.00764506275619305 0.000689172791648052 0.780911906893492
0.00259999999999928 -0.00934452472968665 0.00211746260460533 0.807646300931285
0.00279999999999921 -0.000417456237143508 0.00601010464063548 0.846560530993637
0.00299999999999914 0.00342149497720404 -0.00860418358883832 0.876796019890534
0.00319999999999925 0.00526414235999976 0.000765731859074317 0.917682583864158
0.00339999999999918 -0.00590193671861564 0.00180230843225464 0.948088826600928
0.00359999999999911 0.00120864979874549 0.00402325474071367 0.986098596936759
0.00379999999999922 0.00500632904928976 -0.00439971585516188 1.02103615656105
0.00399999999999915 0.000889710550396401 0.00129701107407983 1.05757835615131
0.00419999999999926 -0.00486429319514739 0.00710768226128238 1.09182168471416
0.0043999999999992 0.0021098758246707 -0.00421843582728927 1.12716886757256
0.00459999999999913 0.0096363588043965 -0.00415715376014332 1.16640769301453
0.00479999999999924 -0.00779807269640336 0.00603295442040061 1.19925259122857
0.00499999999999917 -0.00388274987683796 0.00393491414890878 1.23622964606147
0.00519999999999928 0.00881662487252105 -0.00559681320396446 1.2755179422577
0.00539999999999921 0.00158053057990698 -0.000195707832167104 1.31009940933728
0.00559999999999914 -0.00455482950884126 0.00495234973998291 1.34447736848956
0.00579999999999925 -0.00203068044565945 0.000956576777292867 1.38204867853977
0.00599999999999918 0.00581704924167819 -0.00308425057088677 1.42126694250725
0.00619999999999911 0.00129182590846777 0.000582845749551128 1.45666495344595
0.00639999999999922 -0.0033650103771627 0.00468913892320351 1.49255409462991
0.00659999999999915 0.00227227258055122 -0.00120835234630441 1.53006419489089
0.00679999999999926 0.00534287130569121 -0.00286584405474398 1.57080288290016
0.00699999999999919 -0.00317444116036907 0.00410368851184201 1.6085108186774
0.00719999999999912 -0.00374542292244127 0.00588179516928628 1.64391499959969
0.00739999999999923 0.00527928621783171 -0.0042810228372556 1.68264586464793
0.00759999999999916 0.00375601483094578 -0.00214521419605013 1.72020960599454
0.00779999999999927 -0.00186776298553064 0.00356022531444015 1.75745550107507
0.0079999999999992 -0.000378407142007286 0.00145633082285502 1.79701381056568
0.00819999999999914 0.00101567200721556 0.000222778151816067 1.83453405399615
0.00839999999999924 0.00215009477232666 -0.00168402464692947 1.87277902579937
0.00859999999999918 0.00155776885431619 0.000165293547362667 1.91300408018079
0.00879999999999911 -0.00302179530983431 0.0032427562587529 1.95070310476681
0.00899999999999922 0.000342296232310855 0.000146419221239221 1.99117464118683
0.00919999999999915 0.00234395443756269 -0.00172205122906769 2.0316931407179
0.00939999999999926 0.00291893505152978 -0.00242175750045923 2.06900472452871
0.00959999999999919 0.00329791776911056 -0.000894529209396146 2.10953495841042
0.00979999999999912 -0.00508663405701843 0.00563990670637156 2.15096178100275
0.00999999999999923 -0.00462203328034201 0.00476617811371862 2.18874752192283
0.0101999999999992 0.00848808169359904 -0.00749311005405533 2.23021562641257
0.0103999999999993 0.00436870861473031 -0.00327532782162431 2.2696000435292
0.0105999999999992 -0.0115138219381268 0.00916882973336308 2.30321919063637
0.0107999999999991 -0.00037728186078309 0.000893159327457496 2.34572824769676
0.0109999999999992 0.00799599690126947 -0.00941398740193408 2.38561580896225
0.0111999999999992 0.00239257122452409 0.00210635427038549 2.42653478344209
0.0113999999999993 -0.00800267133178111 0.00427249267254111 2.46348322419654
0.0115999999999992 -0.00028471342159059 0.00394946552484887 2.50737955716252
0.0117999999999991 0.00570067455423917 -0.00663720206797903 2.54900415150209
0.0119999999999993 0.0031204642072454 0.000269327186635195 2.59023197364049
0.0121999999999992 -0.00597927870422411 0.0029995724358659 2.62564384479623
0.0123999999999991 0.00124954822642034 -0.000475612956208909 2.66931898515935
0.0125999999999992 0.00313803521552309 -0.00399173613969967 2.71007374628829
0.0127999999999992 0.000686669626560752 0.00126206347252483 2.75005095140716
0.0129999999999993 -0.000467422242925922 0.00289821612577677 2.7946676444465
0.0131999999999992 0.000397810163909422 0.00218801207370975 2.83626782555211
0.0133999999999991 -0.000793169939866081 0.000790200803578593 2.87442272960679
0.0135999999999992 0.00354868433184944 -0.00293096631307474 2.91496094544385
0.0137999999999992 0.00433770140286457 -0.00268945849934378 2.95529639824635
0.0139999999999993 -0.00503860776036315 0.00378926128807778 2.99473479257974
0.0141999999999992 -0.00217690377714325 0.00301962248477332 3.03811313852887
0.0143999999999991 0.00708361415810739 -0.00435686105770151 3.08183102764689
0.0145999999999993 0.00345680590885992 -0.00195106876685022 3.12396777919929
0.0147999999999992 -0.00747944797931079 0.00668376540876688 3.16327894643886
0.0149999999999991 -0.00532264036724906 0.00730572067111912 3.20459760613579
0.0151999999999992 0.00860273427919245 -0.0101713593162987 3.24811590782948
0.0153999999999992 0.00998739617830537 -0.00668482823515393 3.29373382588879
0.0155999999999993 -0.00860937432752557 0.0107743458961906 3.33173048792305
0.0157999999999992 -0.011268037832294 0.00902462682869941 3.37062205304382
0.0159999999999991 0.0133315543939314 -0.00980042158146591 3.4182433972306
0.0161999999999992 0.0115772896515726 -0.010238512887604 3.45829196494909
0.0163999999999992 -0.00825104231909651 0.0101187777217372 3.49650810785333
0.0165999999999993 -0.0105941053932914 0.00721265671148028 3.53666950706794
0.0167999999999992 0.0103163488307894 -0.00246533657853022 3.58450149842715
0.0169999999999991 0.00740172186170253 -0.0101440877383873 3.62113941816566
0.0171999999999992 3.76546458987864e-05 0.00387015332427065 3.66402372170288
0.0173999999999992 -0.00926145418928121 0.00462779104746316 3.70286276636914
0.0175999999999991 0.0038555617221562 0.0014132513591409 3.75214892648586
0.0177999999999992 0.00505590632078094 -0.00638768142825091 3.79439116546101
0.0179999999999992 -0.00373647668161013 0.00485454710123895 3.83581580829874
0.0181999999999993 -0.00459231781214925 0.00300636812027364 3.87814241386407
0.0183999999999992 0.00563165732323535 -0.0021528959249899 3.92455722873623
0.0185999999999991 0.00222984257686119 -0.00378993135782738 3.96264220178837
0.0187999999999992 -1.02429503076073e-05 0.000148063278801132 4.00316968053576
0.0189999999999992 -0.00354886522782121 0.0033045176670708 4.04608135274053
0.0191999999999993 -0.00189145656276241 0.000379559454637415 4.08708108072479
0.0193999999999992 0.00397669909186834 -0.00226925492488966 4.13015603212988
0.0195999999999991 0.00259412414227161 -0.00346717878886598 4.1702518882655
0.0197999999999992 -0.00235158424950186 0.0028259263023479 4.21060458677809
0.0199999999999992 -0.00205442071882828 0.00190739231624095 4.25509414063662
0.0201999999999991 0.00317736164180956 -0.000946226587181726 4.29839674118326
0.0203999999999992 -0.000507855015803457 -0.0030477066063183 4.33903836451691
0.0205999999999991 0.000592227836911929 0.00227462300249644 4.38351081445652
0.0207999999999993 -0.00257643744887013 0.00195699075469271 4.42397780954879
0.0209999999999992 0.000688621829499136 0.00110524643702488 4.46953267260603
0.0211999999999991 0.00384243653448417 -0.00105806574469418 4.51387459747501
0.0213999999999992 -0.00107315232796026 0.000744755796569247 4.55425543811845
0.0215999999999992 -0.00195159098159803 0.000963665334268607 4.59580994453142
0.0217999999999993 0.00594102268058811 -0.00519577815509788 4.63806258207193
0.0219999999999992 0.00319095144999586 -0.00135822565220846 4.67975273992348
0.0221999999999991 -0.00545473073706854 0.00388919429452368 4.72031013565303
0.0223999999999992 -0.000661987236573497 0.00340307071768193 4.76410294712951
0.0225999999999992 0.000418677866283131 -0.00113665462898127 4.80451937570767
0.0227999999999991 0.00426219165321834 -0.00154303710992834 4.84746000258687
0.0229999999999992 0.00178727754244172 -0.00314123002560615 4.88518122439336
0.0231999999999991 -0.000741055441935669 0.0034951296748502 4.92716906394301
0.0233999999999993 -0.00127485678709619 0.0024529591452431 4.96781672857125
0.0235999999999992 0.00169425284441664 0.00163183183887462 5.01147073537087
0.0237999999999991 -0.00237668167172692 -9.27426203314655e-05 5.05266084653864
0.0239999999999992 0.00322064315804673 -0.00236505872296491 5.09806052231673
0.0241999999999992 0.00130429638550606 7.6043686889967e-05 5.14221210990944
0.0243999999999993 -0.00718768062968417 0.00678996200739166 5.18050235190155
0.0245999999999992 -0.00505840918348 0.000500835483041943 5.21993729256502
0.0247999999999991 0.0130016756059607 -0.00527848699029773 5.26770186500953
0.0249999999999992 0.00726143383565022 -0.0115472928332372 5.30279895929897
0.0251999999999992 -0.00386520819000695 0.00544822674967146 5.34198471312813
0.0253999999999991 -0.0102713137292082 0.00397124001878055 5.3803023450415
0.0255999999999992 -0.000236931334871566 0.00514841472185274 5.42685393809089
0.0257999999999991 0.00202172828378902 -0.00556288379474335 5.46971787400329
0.0259999999999992 0.0101004285661454 -0.0043113481881221 5.51511644792595
0.0261999999999992 0.000668306534352931 -0.00400933285191613 5.54985948522586
0.0263999999999991 -0.00198255638757072 0.00700061552689217 5.58789188036826
0.0265999999999992 -0.00598024688717116 0.00528054294182813 5.62554414716974
0.0267999999999992 -0.001500445558699 -0.00118817855233497 5.66586071053096
0.0269999999999993 0.0103330732270263 -0.00668643261508051 5.71230258376552
0.0271999999999992 0.00394853175227026 -0.0030373858812334 5.75185056587692
0.0273999999999991 -0.00835205758281303 0.00849970410922356 5.79278102523627
0.0275999999999992 -0.00927843987514351 0.00667226298412379 5.83244212116319
0.0277999999999992 0.00338799841751521 0.00183598740624302 5.87866898931682
0.0279999999999991 0.00625638907944019 -0.0112945692830708 5.91458152862293
0.0281999999999992 0.0115354348029214 -0.00475268368227007 5.95682137285433
0.0283999999999991 -0.0034395932013222 -0.000807009356687996 5.9889243974065
0.0285999999999992 -0.00609174851755203 0.00985551597679585 6.02777997363222
0.0287999999999992 -0.00430408667846278 0.00384706369527846 6.0672881540417
0.0289999999999991 0.00351717745297672 -0.00278258668322292 6.10947582115522
0.0291999999999992 0.00683408744569305 -0.00193436825644738 6.15222952965286
0.0293999999999991 0.00454451328035155 -0.00506273474521353 6.18978786463884
0.0295999999999993 0.00116643263768855 0.00374332292919051 6.22791421885145
0.0297999999999992 -0.00551626166526411 0.00173358639420454 6.26284349740722
0.0299999999999991 0.00138030294830418 0.00175135789262922 6.30429027014441
0.0301999999999992 -0.000594682212124213 0.00111020515966664 6.34238953800118
0.0303999999999992 0.000920547001115664 -0.000397796969470634 6.37949794331318
0.0305999999999991 0.00561547884376908 -0.00534472069063509 6.41920846193429
0.0307999999999992 0.00318262170279709 0.0017233968570576 6.45806856715595
0.0309999999999991 -0.00753880763158137 0.00577404516223929 6.49300407098102
0.0311999999999992 -0.00307141654362324 0.0038129015768685 6.53626126191227
0.0313999999999992 0.00724000464461273 -0.00381277525835494 6.57907743675635
0.0315999999999991 0.00639680438154783 -0.00575996139159169 6.61661323237296
0.0317999999999992 0.00261444752779922 -0.0019292779222616 6.64895839961009
0.0319999999999991 0.000178676225249103 0.00289975850482895 6.67968760944586
0.0321999999999993 -0.00410325743927066 0.00392475908173416 6.71538183696936
0.0323999999999992 -0.00386664971203753 0.00642848831427579 6.75438416716763
0.0325999999999991 -0.00268321010283874 0.00109428221572488 6.79210545666012
0.0327999999999992 0.00520750675775375 -0.0017684898435468 6.83465533578457
0.0329999999999992 0.0108064756224706 -0.00736962676927564 6.87566703363123
0.0331999999999991 0.00400154505927291 -0.00393384171806347 6.907844668416
0.0333999999999992 -0.00416812144500494 0.00348157054384205 6.93687985316228
0.0335999999999991 -0.00338374797962982 0.00403366527105528 6.97249935642802
0.0337999999999992 -0.0041461120942891 0.00272937857642498 7.00617141661495
0.0339999999999992 0.00176084536054796 0.00212019311122052 7.04576018369553
0.0341999999999993 0.00398069261107547 -0.00578466910577855 7.08394652453461
0.0343999999999992 0.00756304543741673 -0.00233092818177752 7.12117154945174
0.0345999999999991 0.00515719739266236 -0.00544310073323046 7.15479935389282
0.0347999999999993 0.00698312089608006 0.000697917396170304 7.18782402817563
0.0349999999999992 -0.00651665132439131 0.00309053570319352 7.21348543744904
0.0351999999999991 -0.00331044096449945 0.00702001844647771 7.24879013996317
0.0353999999999992 -0.00116919611541467 0.000964519456080191 7.2858635427073
0.0355999999999992 0.00622035346418223 -0.0026800801186884 7.32687137336194
0.0357999999999991 0.00632212675912574 -0.00627154054233305 7.36197624070267
0.0359999999999992 0.00261656266654142 0.00268191466339997 7.39099755477794
0.0361999999999991 -0.00615654716411333 0.00241432002292918 7.41717123302136
0.0363999999999992 0.0040249023339403 0.000359231864238176 7.4577938255072
0.0365999999999992 0.00870701341932194 -0.00396348854031988 7.49258831809535
0.0367999999999993 0.00231601470723378 -0.00346863326143527 7.51989304722375
0.0369999999999992 0.00207018064875172 0.00288932987656208 7.55209143412328
0.0371999999999991 -0.00291190677394838 0.00110239203850869 7.58109263751857
0.0373999999999993 -0.00385383387171758 0.00502948170975863 7.61237560619688
0.0375999999999992 -0.0015884462078751 0.000688156107263448 7.64423031239489
0.0377999999999991 0.00408705536873828 -0.00145041987781151 7.68086806432568
0.0379999999999992 0.00708378113662377 -0.00638991421466429 7.71589264671145
0.0381999999999992 0.0107644148834717 -0.00367472522147613 7.74826352658341
0.0383999999999991 0.00382393138869668 -0.00257215875696438 7.77179007141027
0.0385999999999992 0.0021244595744699 0.00318343193654479 7.79987438491994
0.0387999999999991 -0.00146486815117312 0.000511118199333391 7.82540331592283
0.0389999999999992 -0.00488328562289226 0.0059375785977429 7.85461890627113
0.0391999999999992 -0.00322882320193491 0.000555901235699713 7.88610753594772
0.0393999999999993 0.00778061590033286 -0.00480638553989055 7.92040627381805
0.0395999999999992 0.00780591936992446 -0.00375246128760421 7.95095738760532
0.0397999999999991 0.00343540170263062 -0.00457479681354038 7.9769551909498
0.0399999999999992 0.00622697844366739 -0.00192176778692585 8.00195584398219
0.0401999999999992 0.00256130875214811 -0.00113399157087989 8.02159500717008
0.0403999999999991 0.00111940774007183 0.00126822298197814 8.04465402202744
0.0405999999999992 0.00155234085825828 -0.000803535012648221 8.0740710307705
0.0407999999999991 0.00220766731142864 0.00152295034250001 8.10180240167036
0.0409999999999991 0.00334006015639925 0.000301925588238414 8.1306921738813
0.0411999999999992 0.00209401933771407 -0.00202789043461401 8.15677292455404
0.0413999999999991 0.00459725320683272 -0.000297721442724244 8.18515189889957
0.0415999999999992 0.00512166335512915 -0.00540456758359943 8.21208006531726
0.0417999999999992 0.00752681982378688 -0.00152530879530109 8.23800455790968
0.0419999999999993 -0.000764230327464497 -0.00310740520956756 8.25685402145603
0.0421999999999992 0.00378030141551292 0.00183523715060414 8.28301466441425
0.0423999999999991 0.00193598730088086 -0.00164401412861971 8.30349037434157
0.0425999999999992 0.00535685584387257 -0.00219229504163085 8.33055037724718
0.0427999999999992 0.00565600662623881 -0.00395854521707237 8.35198278782873
0.0429999999999991 0.00600972223814991 -0.0011276908842575 8.37478045959203
0.0431999999999992 0.0026290762897651 -0.00216513987999391 8.3915213135151
0.0433999999999991 0.00254807477338207 -0.00115058642759743 8.41153269242811
0.0435999999999991 0.00171210692175999 0.000782500882674403 8.43345964100011
0.0437999999999992 0.00311835803167175 -0.000657545442235946 8.4560450384895
0.0439999999999991 0.00412723569677738 -0.00321457657177077 8.4804058803904
0.0441999999999992 0.00963517142667694 -0.00523613949440309 8.50623014236356
0.0443999999999992 0.01195612850603 -0.0071450609335343 8.52729328311185
0.0445999999999993 0.00600025424074027 -0.00155494074648681 8.54059390105874
0.0447999999999992 -0.00179948839229037 -0.00050408574411425 8.55343757217076
0.0449999999999991 0.00322273585259621 0.00294360379850659 8.57738909074302
0.0451999999999992 0.000400859173418439 -0.0035001565720326 8.59752111013694
0.0453999999999992 0.0062009465955763 -0.000834879593389198 8.62341419015949
0.0455999999999991 0.00719174127028029 -0.00695242621889167 8.64292179378199
0.0457999999999992 0.00951488160555691 -0.00317681814094792 8.66031712846785
0.0459999999999991 0.00518618510657827 -0.00476004324299781 8.67355628254332
0.0461999999999993 0.00471903761431433 -0.00227582067754696 8.6926236466955
0.0463999999999992 0.00122273140792641 -0.001349728511807 8.70802753811619
0.0465999999999991 -0.00113720930732108 0.000943395995788438 8.72652789382528
0.0467999999999992 0.000714810045888449 0.00401908067737809 8.75070923397867
0.0469999999999992 -0.000478855929777861 -0.000325413252603281 8.7760385231276
0.0471999999999993 0.0055396223650426 6.31837232026715e-05 8.80824254855856
0.0473999999999992 0.00283772419173062 -0.00756193488165211 8.83152147345002
0.0475999999999991 0.00951968383791014 -0.00414659285188431 8.85474845517137
0.0477999999999992 0.00819607370585691 -0.00459311291623808 8.87131823986391
0.0479999999999992 -0.00164803563686332 0.0021952254351574 8.8850210074982
0.0481999999999991 -0.00372026759294293 0.00288997757989159 8.90493985363138
0.0483999999999992 0.00190344849355856 -0.000128521109720074 8.93236705844019
0.0485999999999991 0.00638648172949105 -0.00250864857294496 8.95856340701596
0.0487999999999992 0.00546809191257773 -0.0068806446913597 8.97810416234907
0.0489999999999992 0.00670693699840723 0.000191156669089082 8.99846166740132
0.0491999999999991 -0.0021490911531259 -0.000150247313449549 9.01204511218814
0.0493999999999992 -8.84541537664304e-05 0.0039649346088581 9.03653816784729
0.0495999999999992 0.00216693745427954 -0.00226760764420195 9.06097612237318
0.0497999999999993 0.00506131779872934 -0.00135154710311439 9.0865713432864
0.0499999999999992 -0.00212010858140749 -0.000885135426819602 9.10629984035741
0.0501999999999991 -0.00256186254190825 0.00155625092849739 9.13059915487615
0.0503999999999992 0.00432757717940551 0.000495019680347923 9.1579766985898
0.0505999999999992 0.00241322452713717 -0.0032030699987637 9.18268425956478
0.0507999999999991 0.00442540673074762 -0.00113413141955968 9.20638230505307
0.0509999999999992 0.00135851775666554 -0.00347994734792396 9.22674001980455
0.0511999999999991 0.000659148425072407 0.00428475730275953 9.24852371959045
0.0513999999999992 -0.000262983163005553 0.00123250719933066 9.27049376154407
0.0515999999999992 1.18220855091757e-05 -0.000395400556964372 9.29498148400503
0.0517999999999993 0.002423786627207 0.00026709904867883 9.3209112679543
0.0519999999999992 0.00143390823211523 -0.00381198467490415 9.34619232989062
0.0521999999999991 0.00415509611893146 0.00101654001108821 9.37166243717899
0.0523999999999993 0.00333940089199232 -0.00504396401960011 9.39293256677507
0.0525999999999992 0.00224769952614014 0.000706233053498347 9.41268536581445
0.0527999999999991 -0.00459110785283792 0.00499557974121573 9.43230753854803
0.0529999999999992 -0.00485109568904168 0.004111750806652 9.45934081467016
0.0531999999999992 0.00163450369236463 0.00160540093161293 9.4918576493606
0.0533999999999991 0.00825363506663313 -0.00574539113368026 9.52486872635566
0.0535999999999992 0.0125827817347627 -0.00652580039053997 9.55075231363075
0.0537999999999991 0.000873607829766947 -0.00323432543761385 9.56515160759286
0.0539999999999992 -0.00542996430758316 0.00682034143604404 9.58186680264785
0.0541999999999992 -0.00714207085099345 0.0056481288835724 9.6057490652014
0.0543999999999993 -0.00114678419369725 -0.00136837768397381 9.63468071431089
0.0545999999999992 0.00853559011093499 -0.00337471298219692 9.66893377642645
0.0547999999999991 0.00761981829238892 -0.00618291529696902 9.69169738072306
0.0549999999999993 0.00771438883539656 0.000134305508028392 9.71545642885415
0.0551999999999992 -0.00298448956252885 0.00195551523579648 9.73060039907983
0.0553999999999991 -0.00600031282936441 0.00554387199350176 9.75241193797151
0.0555999999999992 -0.00272357183724734 -0.000399498941471431 9.78140332740347
0.0557999999999992 0.00314585225529 -0.00363398007320167 9.81127664763094
0.0559999999999991 0.00595109758833073 0.00123451820585082 9.84032771527743
0.0561999999999992 0.00023369323769513 -0.00387308248521825 9.86198665239567
0.0563999999999991 0.00137742713178864 0.005683353281665 9.88799834450536
0.0565999999999992 -0.00275814509117724 -0.00132480626768331 9.91123461703653
0.0567999999999992 0.00363998224520847 -0.00108691511353454 9.93826748491425
0.0569999999999993 0.00233567531080549 0.00267540313361403 9.962948997051
0.0571999999999992 -0.00230264572478449 -0.0045071355091499 9.98551115345848
0.0573999999999991 0.00253982713189776 0.00572389813722942 10.0141907080023
0.0575999999999993 -0.00362132571360722 -0.00309828562149789 10.0378999822468
0.0577999999999992 0.00278808288897248 0.000452603480794476 10.0667419578089
0.0579999999999991 0.00147992803581423 -0.00225132233140197 10.0903650338514
0.0581999999999992 0.00164506693309501 -0.00655880260820316 10.1127594195031
0.0583999999999992 0.00642762958779166 0.00498562016042429 10.139288858153
0.0585999999999991 -0.0102385313795334 0.000558646931022503 10.1557022796644
0.0587999999999992 -0.000565524191918015 0.0074849566272475 10.1883519997564
0.0589999999999991 0.0010733858472215 -0.00365360555004773 10.216834387265
0.0591999999999992 0.00881592685545144 -0.00533121612969301 10.248000554519
0.0593999999999992 0.00492932581454858 -0.00244455815024759 10.2697916417446
0.0595999999999993 -0.0058848854913725 0.00374763052235464 10.2893587182259
0.0597999999999992 -0.0075538152161477 0.00941061374189546 10.3153079148974
0.0599999999999991 0.00117664505499097 -0.00217615727599928 10.3457371507511
0.0601999999999992 0.0135221782503245 -0.00535250330234767 10.3785342704589
0.0603999999999992 0.00548450243427973 -0.00414934651057686 10.3992646767026
0.0605999999999991 -0.00589833116303482 0.00396846095072537 10.4198008738778
0.0607999999999992 -0.00213077063757099 0.00732392982573348 10.4456141931115
0.0609999999999992 -0.000189615943275936 -0.00384034170166662 10.4721630641363
0.0611999999999991 0.00846195876617 -0.000262430394718628 10.5037721871137
0.0613999999999992 0.00218043160242781 -0.00372093668590431 10.5267761196292
0.0615999999999991 -0.00107093553816753 0.00351550845706733 10.5507348522967
0.0617999999999992 -0.000452391790595178 0.00389112382438481 10.5756428397502
0.0619999999999992 -0.00114675910396739 -0.0015432088536164 10.6013738046024
0.0621999999999993 0.00205606180717616 0.00119960260003566 10.6287363147499
0.0623999999999992 0.00246060660348367 -0.00156257665104142 10.6560742474624
0.0625999999999991 0.00277764828296512 -0.00306625381116262 10.6827692675068
0.0627999999999992 0.00026721797565665 0.0034503743171625 10.7089674785577
0.0629999999999992 -0.00511719687366852 0.00228525232728321 10.7312068971216
0.0631999999999991 0.00046389684978534 0.00198416348548558 10.7598968572714
0.0633999999999992 0.00530199194505948 -0.00473708510933235 10.7881614836713
0.0635999999999991 0.00627661725597087 -0.00133569346659334 10.8132728759685
0.0637999999999991 -0.00355753705931296 0.00185159508410764 10.8348887314593
0.0639999999999992 -0.000831023688990353 0.00127294713408455 10.8599265244086
0.0641999999999991 -0.000476093594975506 0.00100047234633647 10.8867759422947
0.0643999999999992 0.000136454405406966 -0.00210865143318068 10.9136637563115
0.0645999999999992 0.00521748955852186 0.000505923481864961 10.9416998204148
0.0647999999999993 0.000612045620687147 -0.0028046902090016 10.9654505660621
0.0649999999999992 -0.00142355404425775 0.00130057241504248 10.9896325364927
0.0651999999999991 -0.00202030825142968 0.00647304839050707 11.0176585485688
0.0653999999999992 -0.00270619979449368 6.31270961818655e-05 11.0459955050989
0.0655999999999992 0.00353127701071481 0.000610529497732253 11.0771756984908
0.0657999999999991 0.00367506266865394 -0.0059114128574573 11.1040489526908
0.0659999999999992 0.00663431851953299 -0.00214554891316221 11.1314118358521
0.0661999999999991 0.000580071777422549 0.00379992404332977 11.1533966847554
0.0663999999999991 -0.0090565085992767 0.000306311627343861 11.1733787175401
0.0665999999999992 0.00281272641478351 0.0030692369769314 11.205311356251
0.0667999999999991 0.00251645970782421 -0.00292441708951715 11.2324323818867
0.0669999999999992 0.0010354368373886 -0.000744963241660603 11.258288399506
0.0671999999999992 0.001564255741379 0.000529951549815818 11.2841790041914
0.0673999999999993 -0.000133279628634661 0.000742035353671344 11.307825754242
0.0675999999999992 0.000605463468383634 0.00117302838420251 11.3336263385908
0.0677999999999991 -0.00054321328774754 -0.00211584909536335 11.3595893675536
0.0679999999999992 -2.48103325221309e-05 0.00220838444511524 11.387116124947
0.0681999999999992 -0.0018754852306912 0.00190965807565403 11.4136671899573
0.0683999999999991 0.00255384851457436 -0.00047260462400948 11.4433909233529
0.0685999999999992 0.00367371082412119 -0.00379851504943045 11.4701022951489
0.0687999999999991 0.000659499020528922 -0.000483841327964275 11.4925528195283
0.0689999999999991 -0.00268162291558906 0.00439407566071504 11.5178470091306
0.0691999999999992 -0.00292422444121088 -0.00173126971905567 11.5422739762725
0.0693999999999991 0.00106727614176277 -4.82729723662929e-05 11.5699272945488
0.0695999999999992 0.00272612961024473 -0.00149268533899105 11.5970872139399
0.0697999999999992 0.00392815977266171 0.000381455140557121 11.6245069526856
0.0699999999999993 -0.00408770267874972 0.0024121140858384 11.6468526583614
0.0701999999999992 -0.000650968239280197 0.00301861466240063 11.676210353227
0.0703999999999991 0.0026264358398427 -0.00395328651649855 11.703781942446
0.0705999999999992 0.0043647047986252 -0.00398502059314994 11.7319089939032
0.0707999999999992 -0.000252151201765679 0.00373333872701489 11.7559510002703
0.0709999999999991 -0.00601855665376847 0.00542821499008977 11.7812788207985
0.0711999999999992 -0.00229509407108049 0.00132329693406948 11.8103521911436
0.0713999999999991 0.00851916796268228 -0.00369431124507239 11.8415068292337
0.0715999999999991 0.0100168974787256 -0.00620580193222299 11.868192467199
0.0717999999999992 -0.000814230088102342 -0.000947830270357003 11.8888044578867
0.0719999999999991 -0.00661365685450644 0.0091101449737176 11.9120649958713
0.0721999999999992 -0.0044593301543905 -0.00324254568995058 11.9375861463956
0.0723999999999991 0.00322641392757035 -0.00186669471658841 11.9678895863771
0.0725999999999993 0.0020239445679865 -0.000591996729921113 11.9935591329791
0.0727999999999992 -0.00233887284231347 -0.0014868306006534 12.0170141535612
0.0729999999999991 0.00315486298020345 0.00144218840763838 12.0465708409598
0.0731999999999992 -0.00150975782688403 -0.00511898859947904 12.0700840826602
0.0733999999999992 -0.00158192057913761 0.00319545806064641 12.096435164023
0.0735999999999991 -0.00199385943771089 0.00252448986994134 12.123006638007
0.0737999999999992 -0.00259333935619547 -0.00613252248901691 12.1488982346225
0.0739999999999991 0.00755046014250994 0.0024175163313524 12.1802800320136
0.0741999999999991 -0.00162892378881322 -0.00607354747029981 12.2026923774127
0.0743999999999992 -0.00174551598695727 0.00112079830274304 12.2289640574025
0.0745999999999991 -0.000356469108562333 0.00471633817038382 12.2559180198446
0.0747999999999992 -0.00210010238792048 -0.00416883329370849 12.2805326613703
0.0749999999999992 0.00344829192993794 0.00314052601874728 12.3096256937998
0.0751999999999993 -0.000576076706698276 -0.00212505156050186 12.3330211117645
0.0753999999999992 0.00197330187315118 -0.00107510245519998 12.3604210550039
0.0755999999999991 0.00179991229698194 0.000505902931993989 12.3868523261489
0.0757999999999992 -0.00496941246963809 2.28679952923427e-05 12.4101013129472
0.0759999999999992 -0.000824310181155411 0.00630971384311496 12.4407711567892
0.0761999999999991 0.00295403059399176 -0.00468523742540242 12.4689170223516
0.0763999999999992 0.00555532597771958 -0.00587723372154811 12.4967769591532
0.0765999999999991 0.00139545415743842 0.003673551772132 12.5214855956539
0.0767999999999991 -0.0050839156942284 0.00172637962573893 12.5447393508316
0.0769999999999992 -0.000639658931942231 0.00320357405794719 12.5725814017641
0.0771999999999991 0.00412446353286973 -0.00136487686545005 12.6007252795417
0.0773999999999992 -0.000888764821407585 -0.0065633768100591 12.6248453725708
0.0775999999999991 -0.000456462066267743 0.00455627443626008 12.6515299238006
0.0777999999999993 -0.000333404366426872 0.00100543651653283 12.6762859191838
0.0779999999999992 0.00123869379834675 -0.00468169907028043 12.703122288091
0.0781999999999991 0.000882683706311003 0.00140661734632832 12.7281005946565
0.0783999999999992 -0.00460679367581011 0.000877024295552461 12.7528463526147
0.0785999999999992 4.39984906773602e-05 0.000944438191406399 12.7815941679907
0.0787999999999991 0.00407186728350316 -0.00313648506569311 12.8090920812253
0.0789999999999992 -5.59521012660294e-05 -0.00185170583081612 12.8333357818396
0.0791999999999991 -0.00144035093998543 0.00402970151183524 12.8593108808389
0.0793999999999991 0.000197200821398806 0.00031068021078543 12.8850509098122
0.0795999999999992 0.0032438196104225 -0.00185753583796249 12.9109215079993
0.0797999999999993 0.00029093760002127 -0.00223599830205304 12.9360064037434
0.0799999999999992 -0.00135381373312939 0.00381360017435317 12.9635151617725
0.0801999999999991 -0.00299469205674807 0.00453522424012202 12.9906958136666
0.0803999999999992 0.0014858735486361 -0.00455931874888375 13.0181995810317
0.0805999999999992 0.006535128508006 -0.00120058333813457 13.0462847435516
0.0807999999999991 -0.00317509686159356 -0.000731646233624193 13.0679751698086
0.0809999999999992 -0.00390846515689894 0.00180185572256842 13.0931673207958
0.0811999999999992 0.00364976379715789 0.00164860364537549 13.1218733943998
0.0813999999999991 0.000194823451476633 -0.00645290506095337 13.1452177302542
0.0815999999999992 -0.00119989754019549 0.00361245382982602 13.1722173628523
0.0817999999999991 -0.00210041891113337 0.00387835619885868 13.1988030994619
0.0819999999999991 0.000558116390710367 -0.00568169697841132 13.2253447604441
0.0821999999999992 0.0047932738983886 -0.00206352670020795 13.2534235254065
0.0823999999999991 -0.000556560929200795 -0.00163531236529201 13.2763789481579
0.0825999999999992 -0.00679178245466967 0.00272985626004128 13.2997989505583
0.0827999999999991 -0.000913517843944582 0.00326230589913369 13.3286516153574
0.0829999999999993 0.00479240112277474 -0.00589350422925491 13.3553723832391
0.0831999999999992 0.00397440406191175 -0.00434251204724358 13.380739617219
0.0833999999999991 -0.00168078507805228 0.00543070097078513 13.4043006156956
0.0835999999999992 -0.00513021452346808 0.00123639783729196 13.4281453281329
0.0837999999999992 0.00161977151977387 -0.00202546843041668 13.4578287885371
0.0839999999999991 0.00262665848483404 -0.000262035305566971 13.4838929690535
0.0841999999999992 -0.00192876826261339 -0.00111665472061865 13.5104047467551
0.0843999999999991 0.000646426510902313 0.00127640365415155 13.5378689298592
0.0845999999999991 0.00292438374467875 -0.000827891430133413 13.5638621151333
0.0847999999999992 -0.00100321506421548 -0.000161052041930729 13.5870196784131
0.0849999999999993 0.00142137903355556 0.00377538622334214 13.6142580257371
0.0851999999999992 -0.00390573589207462 -0.00028716386784758 13.6369292021408
0.0853999999999991 0.00184465475311194 -0.00145367616582246 13.6651525229385
0.0855999999999992 0.00437907252979337 -0.00265519505744814 13.6917940170371
0.0857999999999992 -0.0024172321848757 -0.00141806684838038 13.7155693184874
0.0859999999999991 -0.00233481977370214 0.00302299497550747 13.7414281711288
0.0861999999999992 0.0017040495793241 0.00253093319874893 13.7699262854253
0.0863999999999991 -0.000471798559464313 -0.00472264211760239 13.7946324067043
0.0865999999999991 7.43182502250416e-07 0.000885154960666611 13.8213622748763
0.0867999999999992 -0.000144316209912135 0.00132666407276167 13.8482753938604
0.0869999999999991 -0.000177776578695533 -0.00456828413401614 13.8728842283042
0.0871999999999991 0.00327449012292596 0.00304177228730196 13.8998665916857
0.0873999999999992 -0.00131486259674963 0.00182443571860321 13.9233160362821
0.0875999999999993 -0.000121290037072709 -0.000169763941303729 13.9486724866779
0.0877999999999992 0.00236592162709659 0.000707332450541545 13.9754462400106
0.0879999999999991 0.00117759104944118 -0.00358006396178775 14.0010147728526
0.0881999999999992 0.00293348029097801 0.000901239453920686 14.0279611743188
0.0883999999999992 -0.0030100706821101 0.00508455572954562 14.0531081495074
0.0885999999999991 -0.00208493616696234 -0.00175751934648608 14.0781291004302
0.0887999999999992 0.00367067790875026 -0.0023838667516843 14.1048467301186
0.0889999999999991 0.00256070790545273 -0.00142208779167761 14.1298213009147
0.0891999999999991 -0.00357530741079614 0.00215846242801105 14.1539121723438
0.0893999999999992 0.000147297452405493 0.00233598280842242 14.1815968641447
0.0895999999999991 0.00141628213827071 -0.00303004778590934 14.2071703840394
0.0897999999999992 7.28688834818186e-05 -0.000222866009070207 14.2329804724406
0.0899999999999992 -0.000124223279330837 0.00172383865291177 14.2595930223134
0.0901999999999993 -0.00111964294022125 -0.000756730269052051 14.2847579330841
0.0903999999999992 0.00160884916372689 -0.00108707965619794 14.3103490416652
0.0905999999999991 0.00499672437837834 -1.75511090248821e-05 14.3368187387497
0.0907999999999992 -0.00208292836516919 0.000408895683070212 14.3606505550814
0.0909999999999992 -0.00244843441758735 0.00338369376695126 14.3848866749726
0.0911999999999991 -0.000881442428115681 0.00086997690982705 14.411386113338
0.0913999999999992 0.00566416885116102 -0.00288614594662446 14.4396581783144
0.0915999999999991 0.00316345854933328 -0.00134489023011924 14.4654810079643
0.0917999999999991 -0.00508877867823882 0.00171786622669503 14.4899484600491
0.0919999999999992 -0.000555379476509299 0.00291873629648207 14.5175024586818
0.0921999999999993 0.00404549484822817 -0.000720286796652143 14.5446986129717
0.0923999999999992 0.00142364572157403 -0.00401096137739856 14.5687429342792
0.0925999999999992 0.00225851967545256 0.00178064101169796 14.5938559467796
0.0927999999999993 -0.00424861364777366 0.00401264671193459 14.6164177590203
0.0929999999999992 -0.00457251264253617 -0.00127189149969371 14.640876378759
0.0931999999999991 0.00749080184390653 -0.00309386000510015 14.6701500796212
0.0933999999999992 0.00320190844291421 0.000416409013758928 14.6941576799945
0.0935999999999992 -0.00624343424876142 0.00339110320359323 14.716417973352
0.0937999999999991 0.000487443093007249 0.00138632372892331 14.7442699335524
0.0939999999999992 0.00398339550413415 -0.00380476042393896 14.7719641367032
0.0941999999999991 0.00185624041599205 -0.000974440290469786 14.7969112449221
0.0943999999999991 -0.00295941091277332 0.00428220077927005 14.8206573508953
0.0945999999999992 -0.00124793134561469 0.00135701503775326 14.8473684971989
0.0947999999999991 0.00424577838892759 -0.00191869573663011 14.8742854754972
0.0949999999999992 0.00450321058817827 -0.00467354958138209 14.8996131977386
0.0951999999999991 -0.000332535252748521 0.00112950214321944 14.9232237766837
0.0953999999999993 -0.00597421086661691 0.00686315621397996 14.9456477095285
0.0955999999999992 -0.00176055729836181 0.000175043386634887 14.9738179663951
0.0957999999999991 0.00766649711050359 -0.00466931813878908 15.0033563118843
0.0959999999999992 0.000263580966784065 -0.00257268782801634 15.026142137201
0.0961999999999992 -0.00514467871969156 0.00363370013202422 15.0492760660547
0.0963999999999991 -0.000474091038932457 -2.05776264598546e-05 15.0758620037976
0.0965999999999992 0.00286386671005392 -0.00369225885078113 15.1028942404808
0.0967999999999991 -0.0013398527838686 0.00183039716027495 15.1267694320642
0.0969999999999991 -0.00122549133038389 0.0041169034649491 15.1524647094757
0.0971999999999992 -0.000643950743495994 -0.00519231877700894 15.1784238118348
0.0973999999999993 0.00712161106188257 -0.00198846526351849 15.2080552106651
0.0975999999999992 0.00195291034985842 0.000973266924097366 15.231020889822
0.0977999999999992 -0.00756214822776098 0.00210766718265418 15.253097836689
0.0979999999999993 -0.000770649872958319 0.00278971454317462 15.2804755103524
0.0981999999999992 0.00755006322540155 -0.00302976885906214 15.3091910267917
0.0983999999999991 0.00136136584971726 -0.00506894103600807 15.3322318450463
0.0985999999999992 -0.00323919829678218 0.00589916156322695 15.3565085955781
0.0987999999999992 -0.00115678301719228 0.00381124988424137 15.3815239483571
0.0989999999999991 0.00286114118559397 -0.00554342917531315 15.4082837315797
0.0991999999999992 0.00325082778403025 -0.00153285944225623 15.4331927891444
0.0993999999999991 -0.00492671978897814 0.00326293938047006 15.456593716477
0.0995999999999991 -0.000863875522127264 -0.000239134095248639 15.4839577216844
0.0997999999999992 0.00542919288758305 -0.00250913436932891 15.5120288003354
0.0999999999999993 0.00265037523788394 -0.00376146586315933 15.5362400790771
0.100199999999999 -0.00205937571827183 0.00286484682283344 15.5601444543986
0.100399999999999 -0.00496831223383515 0.00438515756459795 15.5836429593174
0.100599999999999 0.000576700913759142 -0.0015650112725565 15.6100432508813
0.100799999999999 0.00508439364355886 -0.00622946517736523 15.6364817310232
0.100999999999999 0.000336710348614693 0.00254088521334949 15.6601293815329
0.101199999999999 -0.00463221753422119 0.00562931550076883 15.6836075983024
0.101399999999999 0.00188655624539043 -0.000912331638311137 15.7109038494944
0.101599999999999 0.0044134458796391 -0.0053638253110538 15.7356536447078
0.101799999999999 -0.00111054689328765 0.000319407404974086 15.7590752227719
0.101999999999999 -0.00281496485927413 0.00553338770545369 15.784660724854
0.102199999999999 -0.00038020348666907 -0.00224577970096059 15.8106498665289
0.102399999999999 0.00514815795011684 -0.00138075373934922 15.8387335282424
0.102599999999999 -0.000741082006244544 -0.000966416808855905 15.8626267610681
0.102799999999999 -0.00198480646995156 0.00171634484564612 15.8862743421007
0.102999999999999 0.0015335873958313 0.00213808163648476 15.9110446220571
0.103199999999999 0.000676303290773507 -0.00386315249542171 15.9355945635094
0.103399999999999 0.00278858284332923 0.000428461736926516 15.961552148951
0.103599999999999 -0.0032386106629808 0.00154449436267181 15.9864722487908
0.103799999999999 -0.00253074075147647 -0.00056790816204088 16.0127088127328
0.103999999999999 0.00404282892216628 -0.000611610784894545 16.0416979856011
0.104199999999999 -0.00169413410286314 -0.00502677551918138 16.0640992567041
0.104399999999999 -0.00282351210971307 0.0017186533742168 16.0892562222565
0.104599999999999 -4.66533325726941e-05 0.000804273292327715 16.1155366792138
0.104799999999999 -0.000304287361284446 -0.00324111234679793 16.1399147975689
0.104999999999999 0.00196257636014617 0.00224706380974151 16.1640689657191
0.105199999999999 -0.00115725830501787 0.00030718261234202 16.1880963276437
0.105399999999999 -0.00260322828480191 -0.00208841390808037 16.212105540778
0.105599999999999 0.00319539485904595 0.000541790123705399 16.2399472179717
0.105799999999999 0.000317711899679323 -0.00373826046842351 16.2651154885389
0.105999999999999 -0.00130314187792649 0.00323977516982146 16.2891561629063
0.106199999999999 -0.000161019820365386 0.00481732067659238 16.3134090586871
0.106399999999999 0.000561721525756568 -0.0056242703601798 16.3386113736795
0.106599999999999 0.00518508378396931 -0.000689694406348585 16.3651045226063
0.106799999999999 -0.00273927597554332 0.00207983567903179 16.3879581483524
0.106999999999999 -0.00465147846052674 0.00113823360769111 16.4120159377881
0.107199999999999 0.00474582441759651 -0.000240587667923983 16.4414127695023
0.107399999999999 0.00274378207465808 -0.00193279829436342 16.4656664702159
0.107599999999999 -0.00138973042038419 -0.000343362620934408 16.4877894052337
0.107799999999999 0.00226918995477913 0.00398604788484911 16.5137305745747
0.107999999999999 -0.00245811564667183 -0.00273431225670826 16.5376314047143
0.108199999999999 -0.000330663502560539 -0.00143169028953133 16.5635162489046
0.108399999999999 0.00438053332111678 0.00382992583306219 16.590839040448
0.108599999999999 -0.00320088923173517 5.3430281741215e-05 16.6112905743817
0.108799999999999 -0.00135859798177706 -8.60233906443703e-05 16.6354587378953
0.108999999999999 0.00560830865315654 0.000254628584678008 16.6626959831812
0.109199999999999 0.000185276111315566 -0.00389474660181493 16.6841933349282
0.109399999999999 -0.000595101000634812 0.00274908266348884 16.7077080458863
0.109599999999999 -0.00315183426632542 0.00203923939485327 16.7307625152661
0.109799999999999 -0.00108835307579372 -0.00182270643421321 16.7560530151794
0.109999999999999 0.00367491925095426 0.000783155993211736 16.7830462398752
0.110199999999999 -0.000606863403704825 -0.00111812315978743 16.8067483985455
0.110399999999999 -3.48388974298285e-05 -0.000899296092598064 16.832187519479
0.110599999999999 0.00118996016630736 0.00271509203848132 16.8550047152305
0.110799999999999 -0.00153257679402555 -0.00161885559974464 16.8785942153369
0.110999999999999 -0.000672945368955832 -0.000628220947083 16.902597443182
0.111199999999999 0.00174620971634722 0.00234385336997219 16.9272293981692
0.111399999999999 -0.00147689207431713 -0.00491982751225042 16.9499618396143
0.111599999999999 0.00151003589760827 -0.000845670598932827 16.9740071927058
0.111799999999999 0.00161369735118423 0.00231241286076541 16.9979865043903
0.111999999999999 -0.00332616622723898 0.00128689134778355 17.021100268497
0.112199999999999 0.00297028284092243 0.000508862167181908 17.0481320727973
0.112399999999999 0.00258106386359637 -0.000897785711757319 17.0729162085564
0.112599999999999 -0.000345592183586858 -0.000138896358917154 17.0954069622593
0.112799999999999 0.00310989110313424 0.000884920487750753 17.1184581081903
0.112999999999999 0.00158410715660163 0.000143817673258047 17.139985282011
0.113199999999999 -0.00114458629017943 0.0013696811546518 17.1594369653927
0.113399999999999 0.000317140103120704 0.000361338940286124 17.1811745689653
0.113599999999999 0.000383512269930728 0.000361252686927719 17.2028136003411
0.113799999999999 0.00137935792698907 -0.00251048000151009 17.2227427968016
0.113999999999999 0.000367522768274972 -0.00280924400679702 17.2407552419623
0.114199999999999 0.000754073646093542 0.0023353724021389 17.2574293780139
0.114399999999999 -0.00115451820663533 0.00170728326011353 17.27218184632
0.114599999999999 0.00139086382294371 -0.00193197533418145 17.2866267983883
0.114799999999999 0.00338710984702434 -0.000538162084766125 17.3010619339174
0.114999999999999 -0.000218683522584241 0.0010495236418779 17.3089330453734
0.115199999999999 -0.00187204642372609 -0.00105900661571602 17.3126463206831
0.115399999999999 0.00264541723319508 -0.00089742764973036 17.3181518317707
0.115599999999999 0.00251403655036503 0.000930764081167084 17.3181186847826
0.115799999999999 -0.00463397536629319 -0.00087044441145226 17.3121371434338
0.115999999999999 0.000673164486384179 0.00228371244612956 17.3040527230937
0.116199999999999 0.00113588152447421 -0.000345466818369459 17.2950522387729
0.116399999999999 -0.00116085461598454 -0.00322514946855359 17.2799197352226
0.116599999999999 0.00630122958499418 0.00322079140046854 17.2632438475318
0.116799999999999 -0.000853090705346561 -0.000746972040523612 17.2361365292263
0.116999999999999 -0.00216396377954707 -0.000627484652583998 17.1987318628112
0.117199999999999 0.00493498810352645 0.00336319362196374 17.1541704617724
0.117399999999999 0.000133652303224061 0.00105659265226188 17.0899882266454
0.117599999999999 -0.00118849873627866 0.00241927057459817 17.0112418710449
0.117799999999999 0.000369159353752609 0.00640912464233408 16.9127242514456
0.117999999999999 0.00188072542942358 -0.00135105741882739 16.8083475639006
0.118199999999999 0.00704964424964022 -0.00316003686081682 16.6971642348083
0.118399999999999 0.0100548717884052 0.00248402465494629 16.5774940547189
0.118599999999999 -0.00116091862139401 -0.00109082187631997 16.4427321584318
0.118799999999999 0.00370411087659251 0.00866763950418088 16.3092450235856
0.118999999999999 0.00535116723529103 0.0048304152273199 16.160201594499
0.119199999999999 -0.00238887419292525 0.00551986529254948 15.9976557080606
0.119399999999999 0.00602966911921676 0.00698497456477861 15.8264876046465
0.119599999999999 0.00664704382808514 -0.00583210907149705 15.6519013948372
0.119799999999999 0.0161890508493146 -0.0030693464533583 15.4700050929193
0.119999999999999 0.0116031793978848 0.00313393061489819 15.2863927351714
0.120199999999999 0.000806036465675869 0.00141114927415631 15.0869829550941
0.120399999999999 0.0140001849777578 0.00964148502571275 14.8882658978849
0.120599999999999 0.00807920277585382 0.00229525071436325 14.6708888462339
0.120799999999999 0.00833782053701439 0.00540285509503571 14.44817197089
0.120999999999999 0.000213616783967879 0.0143033685883621 14.2170667472338
0.121199999999999 0.00744378571090717 0.0131378454412627 13.9830312269702
0.121399999999999 0.000959187475815222 0.00779829431335557 13.7159197472846
0.121599999999999 -0.00426507759540226 0.00289720367863505 13.4179070778524
0.121799999999999 0.0154726046025383 0.0154587439815138 13.1392224562056
0.121999999999999 0.0117895030884062 -0.0238956706247142 12.8425841155735
0.122199999999999 0.0237751021114092 0.00560212631087105 12.5402857693867
0.122399999999999 0.00102688837230954 0.0040103931208074 12.2175438681968
0.122599999999999 0.00664412829029825 0.0147201168905111 11.8923510791887
0.122799999999999 0.00222267290680823 0.0220140159646417 11.5524565817234
0.122999999999999 -0.00860901426708878 0.00626040027880453 11.2040362108497
0.123199999999999 0.0150747822377642 0.0205713972497546 10.8637584231771
0.123399999999999 0.00744665169597874 -0.00977274283527772 10.5084943991171
0.123599999999999 0.0210343054618332 0.000822865249112461 10.1883984267154
0.123799999999999 0.012217462295451 -0.00187705191705359 9.8685644969841
0.123999999999999 0.0207105362960092 -0.0136979053749974 9.56081736831934
0.124199999999999 0.0306709999850085 -0.00280016536898837 9.2672090195158
0.124399999999999 0.0117900434537516 -0.00578722306546993 8.96036561758132
0.124599999999999 0.0296593035253838 -0.00995798831530291 8.65865429205889
0.124799999999999 0.0260236346968585 -0.0205767951282945 8.34723956445112
0.124999999999999 0.0192628682512593 0.00561980313201293 8.06964026677575
0.125199999999999 0.0146059150022828 -0.0162204377379867 7.77814849746205
0.125399999999999 0.0288559269907964 -0.0112934075013896 7.50281538971325
0.125599999999999 0.0275955445583744 -0.00915638778968613 7.22589894282554
0.125799999999999 0.0201249999793148 -0.00442979373621195 6.99858550421053
0.125999999999999 0.0205333515859692 -0.0146368824885975 6.77285986536834
0.126199999999999 0.0328890936305865 -0.00584650692733343 6.56926590516688
0.126399999999999 0.0179641203974879 -0.0207323025840234 6.33923025432111
0.126599999999999 0.0182041288425032 0.0116229530544688 6.12000424723368
0.126799999999999 -0.000155032478495119 0.0100242773171567 5.90526664007619
0.126999999999999 0.00719851180094348 -0.00368620989039274 5.71662370833156
0.127199999999999 0.0299256177453156 -0.0137346338632775 5.54350629068053
0.127399999999999 0.00742080412008831 -0.0006414027090953 5.35255976094416
0.127599999999999 -0.000644783453006407 0.0117008429427898 5.19034753969213
0.127799999999999 0.0118181129429817 -0.010391495739973 5.03470941075596
0.127999999999999 0.0201834201137003 -0.00127137103608438 4.90184093182428
0.128199999999999 0.0191856688049307 -0.0159071940111241 4.73837806200741
0.128399999999999 0.00854416884646549 0.00908478325447109 4.59662408956689
0.128599999999999 -0.0105824122664958 0.00651461117334435 4.45478837576256
0.128799999999999 0.0121385653630461 -0.000642925529547249 4.32583544213568
0.128999999999999 0.00808916810287381 -0.0106607296365546 4.22988475389477
0.129199999999999 0.0151942730999007 -0.0085147306349306 4.16783530399149
0.129399999999999 -0.000184899388231926 0.00518257738082526 4.11003686725887
0.129599999999999 -0.0116407830896329 0.00747677465419277 4.05453322124668
0.129799999999999 0.00923477910816521 -0.0115501043352961 4.00893814928555
0.129999999999999 0.0131386274310325 -0.014107463874134 3.98048234031541
0.130199999999999 0.0131140021156723 -0.0122293345280863 3.96226761056959
0.130399999999999 0.000297347176779667 0.00917446249543935 3.93729784387536
0.130599999999999 -0.00247841092879357 0.00199036198347248 3.89079772384091
0.130799999999999 0.0139199922818522 -0.00099469424393549 3.86449924978417
0.130999999999999 0.00374811077907816 -0.00605455569870957 3.80253925825815
0.131199999999999 0.00656262824352174 0.00632878019681334 3.76456700741807
0.131399999999999 0.00405629711377599 0.00765007509951905 3.70346682544017
0.131599999999999 -0.00997835900411382 -0.00673965929109171 3.63611954973196
0.131799999999999 0.00810012373342 0.0111317988305339 3.60718328353868
0.131999999999999 0.00733902698959 -0.0156947088021629 3.56192359374698
0.132199999999999 0.0151746589951596 -0.00631279518737723 3.5262884249091
0.132399999999999 -0.00812222675361046 0.00706885546321372 3.49264353623802
0.132599999999999 -0.0101103772595818 0.0119104086267793 3.46689185498704
0.132799999999999 -0.000848864653306569 -0.00461730111166717 3.46947588526371
0.132999999999999 0.0162347944006569 -0.00647531957353392 3.44989496984065
0.133199999999999 -0.00765803097879369 0.00689837873195039 3.42787664982794
0.133399999999999 -0.00539134160835753 0.0212915334180486 3.41149088974689
0.133599999999999 -1.25052948644815e-05 -0.00672373708472674 3.39772827117533
0.133799999999999 0.015506980841897 -0.0114277268248765 3.41345159086881
0.133999999999999 -0.00404934250806291 0.000470795587512129 3.41133777575173
0.134199999999999 -0.0090589036817771 0.00938039065192447 3.4082744263361
0.134399999999999 0.0133237252287497 0.00362321311120615 3.40222177325638
0.134599999999999 0.00935496689519519 -0.0135671995160176 3.37167576655051
0.134799999999999 0.00197893202816186 0.00968850436109145 3.37576452419904
0.134999999999999 -0.0189055273283832 0.00320687204550363 3.33940806963272
0.135199999999999 0.013186161151106 0.00902400954166072 3.3470507369578
0.135399999999999 -0.00672828833608545 -0.0117507008331957 3.33678638720069
0.135599999999999 0.00520212194504315 0.00384061976225151 3.34709767326964
0.135799999999999 -0.0104694797628184 0.00258465587928196 3.34735580316605
0.135999999999999 0.00517746662999235 0.00239433324108282 3.35290073597902
0.136199999999999 0.0027178497870789 0.00395580517624906 3.34855041493422
0.136399999999999 0.00204497177789236 -0.00724665524709439 3.3340547704201
0.136599999999999 -0.000542461443724689 0.0110776298684982 3.32850541240272
0.136799999999999 -0.000559638433823303 -0.00760421116688739 3.3213099696525
0.136999999999999 0.0179695307524998 -0.00822879917410661 3.32131022963002
0.137199999999999 -0.00367495981967343 -0.00492578501564137 3.31759355310503
0.137399999999999 -0.00499779019438718 0.0197337410567592 3.33097026914681
0.137599999999999 -0.0165418088462098 -0.00778801663281814 3.2983331697597
0.137799999999999 0.0269104925111226 0.00465045753099406 3.31377482539206
0.137999999999999 -0.00526477595834424 -0.00378867854225808 3.29053427667733
0.138199999999999 0.0080958669208438 0.00830702170618187 3.28072271247205
0.138399999999999 0.00400575141286679 -0.00590518560278001 3.24758384043104
0.138599999999999 0.00480040541107373 0.0071074541580343 3.22396058786815
0.138799999999999 0.00233548156580507 0.00793551649525889 3.21920166917638
0.138999999999999 -0.00610223675337881 -0.0115647735589831 3.18614229342077
0.139199999999999 0.0121519017227628 0.0134853930366024 3.19016608849314
0.139399999999999 -0.0119768820043395 -0.00973842765667531 3.15213072862511
0.139599999999999 0.00777298303073354 0.00513742931635735 3.15487037548874
0.139799999999999 0.00738232532055135 -0.0170159691109287 3.1475127934881
0.139999999999999 0.000962091973237616 0.0192816904003266 3.14769430183561
0.140199999999999 -0.00281847754680525 -0.00834522286025417 3.14222976219177
0.140399999999999 0.00831314442201334 -0.00831315681787709 3.13954561578615
0.140599999999999 0.0149184924588527 -0.00426377450754094 3.12487059592968
0.140799999999999 -0.00847032184004293 0.00240205229067461 3.11079226261119
0.140999999999999 0.00347431755060555 0.0111419618781029 3.11138698287986
0.141199999999999 -0.00961495495295341 -0.0071355165918254 3.10131787217786
0.141399999999999 0.0163576356320828 -0.00375058544508593 3.12295522751699
0.141599999999999 0.00507857184527982 -0.0128612845409673 3.12130862947014
0.141799999999999 -0.000386161012103437 0.00140273038849166 3.14150066621671
0.141999999999999 -0.00750094035942793 0.0102473046745561 3.14578905768294
0.142199999999999 0.0099990893882263 0.00308930101255138 3.15840362393369
0.142399999999999 0.00492316564074658 -0.00600860924819387 3.16027632046039
0.142599999999999 0.0054033349127682 -0.000137873571308562 3.17452648165949
0.142799999999999 -0.00753294400521537 0.00576637361464233 3.16892493650385
0.142999999999999 0.000668707317203792 0.00186404465770912 3.17757446715628
0.143199999999999 0.007010181449391 -0.0126646470253067 3.17175065849187
0.143399999999999 -0.000318210146670062 0.00507763170477864 3.18005545702441
0.143599999999999 -0.011736371090302 0.000502400719248278 3.18113222617929
0.143799999999999 0.0172374458957288 0.00578018203756149 3.20117020369361
0.143999999999999 -0.012776123786417 -0.00841345642204033 3.19509216072851
0.144199999999999 0.00458692094772038 0.0142830049030071 3.20001457865387
0.144399999999999 -0.00447241104666945 -0.0122615188602471 3.18851253220329
0.144599999999999 0.00651250252392829 0.00432766666273243 3.19134417831782
0.144799999999999 -0.00863604410085283 0.000784108327355788 3.18292479234708
0.144999999999999 0.0032744400299229 -0.00261723039904228 3.17657198598646
0.145199999999999 0.00147505013219397 0.00176239835611926 3.17139729905742
0.145399999999999 0.00618086460941867 0.000217271593361441 3.19474497035892
0.145599999999999 0.00391116698869192 0.0047857666036192 3.20258916812479
0.145799999999999 -0.00932829152015407 -0.00092252216413398 3.19038761496026
0.145999999999999 0.00514680890599652 0.00806214276817963 3.20236833642924
0.146199999999999 -0.012009366574551 -0.00814226153546696 3.19588620697682
0.146399999999999 0.00969045310069049 0.0062150730281857 3.1993903583277
0.146599999999999 -0.00625844712678595 0.00230944218931727 3.17800681550969
0.146799999999999 -0.00214251630305292 -0.00202949345267318 3.17411328930403
0.146999999999999 -0.00144946555218955 0.00250794168559792 3.15768474632448
0.147199999999999 -0.00360564871996114 -0.0031213485707121 3.14576024754433
0.147399999999999 0.0032103072454335 0.00247127549964609 3.13163029542089
0.147599999999999 0.0130949281750015 0.00584279207100848 3.11655284511904
0.147799999999999 -0.00810549772011296 -0.000790800573072573 3.09396050960153
0.147999999999999 -0.000783883088239205 0.00512140570971827 3.09273893424618
0.148199999999999 -0.00108216410089588 -0.0077929415614289 3.09522554500829
0.148399999999999 0.00882574051210545 0.00396325752960565 3.09098111712088
0.148599999999999 -0.0127358343356163 -0.00244346954804463 3.06912775056273
0.148799999999999 -0.00148604595384773 0.0100794525556529 3.06962123530766
0.148999999999999 0.00213591302639814 -0.0124072604481749 3.0445001160933
0.149199999999999 -0.000834107262330846 -0.000928851633715552 3.03775984193487
0.149399999999999 -0.00610196987545458 0.0144821088051975 3.02849721441463
0.149599999999999 0.00177757645230168 -0.00512908035427556 3.02340051877773
0.149799999999999 0.0167044699479478 -0.00566668364252184 3.01909055195943
0.149999999999999 -0.0129096852249075 3.67816074632054e-05 3.006128468433
0.150199999999999 0.00139338157519314 0.0156655716093182 3.00757215450083
0.150399999999999 0.00111332757640762 -0.0144813981916458 2.98824458970549
0.150599999999999 0.00773308391628524 -0.00137790775795621 2.99325462208712
0.150799999999999 -0.0132857948403507 0.00278562131858718 2.99856437169897
0.150999999999999 0.00513946293913644 0.00405919096049894 3.01592404407157
0.151199999999999 0.000693557408504008 -0.00368104738136436 3.02259985290205
0.151399999999999 0.0142484066728847 -1.49635970890692e-05 3.03412308469027
0.151599999999999 -0.00449879263382133 0.00168016225927518 3.04166095671211
0.151799999999999 0.00118672571495409 0.000249941082494454 3.04789859807118
0.151999999999999 0.00822455177672108 -0.000839145284310943 3.06042741602999
0.152199999999999 -0.0151058993087339 -0.000982590763246868 3.05723756223624
0.152399999999999 0.00770329649965715 0.00760288829446422 3.06621487495504
0.152599999999999 -0.0047931560227667 -0.014940848278253 3.0663596507659
0.152799999999999 0.00558831332575118 0.00617248165993613 3.08612028111476
0.152999999999999 0.000881482428579994 0.00434671511601717 3.08422713861132
0.153199999999999 -0.00112976049387418 0.00294303094768259 3.08864519929917
0.153399999999999 0.0101424002538135 0.00314051535804657 3.09448307793132
0.153599999999999 0.00400849063368138 -0.00749681874960155 3.08355306049516
0.153799999999999 -0.0104801056760871 0.00652243766501983 3.08950559650009
0.153999999999999 -0.00404362005118458 -0.00101994400341293 3.07062527663049
0.154199999999999 0.00808520501457742 0.001127746382031 3.06432533944903
0.154399999999999 -0.000860357324357802 -0.00157234443493182 3.06124841926524
0.154599999999999 0.00749146280236225 -0.000107085936624218 3.04938747223402
0.154799999999999 -0.000173313295550981 -0.00180394035445877 3.04242118557508
0.154999999999999 -0.00316848827845951 0.0058269301727675 3.03056576432851
0.155199999999999 0.00478559094913314 0.00619011607830819 3.01860839008349
0.155399999999999 -0.00272075865019344 -0.00586910466009453 2.99688557403517
0.155599999999999 0.00974550867039841 0.00945619684574325 3.00176772601266
0.155799999999999 -0.0151388775214798 -0.00258426860045596 2.96887201388743
0.155999999999999 0.00798807707881195 0.00654210856913108 2.97608008562445
0.156199999999999 0.00160944680393548 -0.00791219627265819 2.9491343507101
0.156399999999999 0.0109732672362668 0.00400915199817429 2.95932856954795
0.156599999999999 -0.00550934320737218 0.00286052011498839 2.95675776576287
0.156799999999999 -0.000866497994866323 0.0056564846886204 2.96838084199909
0.156999999999999 0.00514750159612457 -0.0103257594463662 2.9704115427189
0.157199999999999 -0.000360343535917775 0.00453339123420787 2.98838299029388
0.157399999999999 -0.0175038171452652 0.00591317664786138 2.99703419426901
0.157599999999999 0.000618824637859773 -0.00920337131822664 3.006090273283
0.157799999999999 0.0101630196246469 -0.00223884616405977 3.04008421301081
0.157999999999999 -0.0131815261527249 -0.0046517419663162 3.04796755909788
0.158199999999999 0.00744241952324921 0.00880496785611125 3.08061179982393
0.158399999999999 -0.0112695259483348 -0.00999032929733237 3.08142565372636
0.158599999999999 0.0126454437554357 0.0074052782584291 3.1020515481643
0.158799999999999 0.0039878093291282 -0.00286627886851916 3.12340271336005
0.158999999999999 -0.00330132262527048 0.00198046025325443 3.1136514360888
0.159199999999999 0.0100877552466674 0.0111380607816175 3.12922246787501
0.159399999999999 -0.0150043709605638 -0.0170071727837835 3.10065105037608
0.159599999999999 0.0136871786924359 0.01372701479179 3.1191954928529
0.159799999999999 -0.0173139987044401 -0.0113578500118658 3.10203110822959
0.159999999999999 0.0105808019160431 0.0142549374488415 3.12989422994528
0.160199999999999 -0.00415999007680313 -0.0049349511832582 3.14168158136292
0.160399999999999 -0.00498850604973846 -0.00104410749731796 3.16151285305811
0.160599999999999 0.00715112381383031 0.0104421553341895 3.18166207111127
0.160799999999999 -0.00599098101359984 -0.0155304526624866 3.19219780415404
0.160999999999999 0.0130213125989191 0.0165664063703797 3.22599519348663
0.161199999999999 -0.0152395916118683 -0.0103216958277856 3.22026856034736
0.161399999999999 0.00759152133747627 0.00468851593501049 3.25188817851289
0.161599999999999 0.00169301978033642 -0.0091587618323384 3.26117605474389
0.161799999999999 -0.00108594481639327 0.00348149385695918 3.28249442178586
0.161999999999999 0.00638656879448961 0.015599099823379 3.30737025968418
0.162199999999999 -0.0136985249752867 -0.00069781473424563 3.29901952874552
0.162399999999999 0.0125140124622472 0.00313146152715878 3.30990374705998
0.162599999999999 -0.00895692526694239 -0.00819161791274585 3.29604468577852
0.162799999999999 -0.000786038345396829 0.0161171429817414 3.30403214681144
0.162999999999999 -0.00562001235009353 -0.0019262018942118 3.29581047645674
0.163199999999999 0.0122047227381945 0.00225753434778997 3.2998441195773
0.163399999999999 0.00266506275181341 -0.00781197618363738 3.29191770746067
0.163599999999999 -0.00384641467521256 0.00287320456645932 3.29764506364114
0.163799999999999 0.0091108621396955 0.00682416887852208 3.30690338725531
0.163999999999999 0.000577413554253175 -0.00417188774692726 3.2968209061431
0.164199999999999 0.00206583084493449 0.00526605863495225 3.30741840696197
0.164399999999999 -0.00464374447844159 -0.00198302717618602 3.31212377122887
0.164599999999999 -0.00103767142859721 -0.00269979508730361 3.31294577701901
0.164799999999999 -0.00325854256916199 0.00166763441071912 3.31570962662294
0.164999999999999 -0.00480970747588662 0.00216119257962347 3.32820762722052
0.165199999999999 0.00650915969771037 0.00826376792635175 3.32679379661191
0.165399999999999 -0.00764033255038147 -0.00637479640618781 3.31211850365186
0.165599999999999 0.0112622356229763 0.00329065346894928 3.31449016624039
0.165799999999999 -0.0112631919386646 0.00167744988459143 3.30150593944314
0.165999999999999 0.00657118541522923 0.00200293506485817 3.31523039310834
0.166199999999999 0.00821339528999223 -0.00588105588120777 3.32751653991083
0.166399999999999 -0.0116322769710004 0.00453766602089885 3.32776965590374
0.166599999999999 0.00862090817651906 -0.000182369712784239 3.33650939344301
0.166799999999999 -0.00497180014741948 -0.0115909042000002 3.330142410974
0.166999999999999 0.00831031348133722 0.0059939794159974 3.34341267211395
0.167199999999999 -0.0145428213002395 0.00211286515466382 3.34069203767717
0.167399999999999 0.00724715049899114 -0.00108288708536216 3.35368583688533
0.167599999999999 0.00181634859887813 -0.00716004397852638 3.36468525823691
0.167799999999999 -0.000867399345900063 0.000982813458491926 3.38138935055934
0.167999999999999 0.00426804924312571 0.0113952790435209 3.4016588932034
0.168199999999999 -0.0102797832966485 -0.0031687553332169 3.40793485272616
0.168399999999999 0.0179757300595385 0.00440881721589881 3.43783859520126
0.168599999999999 -0.000209998149028423 -0.00990321174835501 3.43579097680322
0.168799999999999 -0.001350673573961 0.00519360365810747 3.4460890358785
0.168999999999999 -0.0042850024521401 0.00491106428389589 3.45435895098629
0.169199999999999 0.00437864306025572 -0.000365858062446332 3.47065445143627
0.169399999999999 0.00213575357748788 -0.00492597238234364 3.48603618723628
0.169599999999999 -0.00131432866866824 0.0138734399679682 3.50868852703917
0.169799999999999 0.00243862111036557 -0.00925534188380003 3.5095930033158
0.169999999999999 0.00482380424624941 -0.00569353498884384 3.52170463348742
0.170199999999999 -0.00931556301997173 0.00320005268913753 3.53473500666409
0.170399999999999 -0.00557331955528526 0.00905539658229362 3.56123718666334
0.170599999999999 0.00210874672402699 -0.00673891721901006 3.56881872305269
0.170799999999999 0.00335449514567966 -0.00919423382548406 3.58132191682863
0.170999999999999 -0.00783532032752907 0.0038233117525248 3.60486123331741
0.171199999999999 -0.00581564531373079 -0.000706316871923409 3.61349807169254
0.171399999999999 -0.000243947283969419 -0.00165375276238425 3.62383023295183
0.171599999999999 -0.00045220870190466 -0.00712209953817573 3.62743974897596
0.171799999999999 0.005569431130552 0.00419581165800862 3.64319714015102
0.171999999999999 0.00191530713098901 -0.00144391455635694 3.65543921479045
0.172199999999999 -0.00385271569571352 0.00496727882912819 3.66060163597111
0.172399999999999 0.00243919153826796 -0.00499642839869718 3.66610380542483
0.172599999999999 0.00625845686769257 -0.00644980648583557 3.67384192233793
0.172799999999999 -0.000363249126822529 -0.00806068223997822 3.68694273008557
0.172999999999999 0.00160856041151301 0.00873466084440754 3.7053828785732
0.173199999999999 -0.0101693539884546 0.00243987463583223 3.69255248413789
0.173399999999999 0.0109532263111101 -9.228127884829e-06 3.70874897335802
0.173599999999999 0.00471029508361418 -0.00838225219709396 3.71707805167682
0.173799999999999 -0.00366310623961563 0.00348369547975512 3.72043212342801
0.173999999999999 0.00227796977908198 0.00344354344369027 3.72484659930937
0.174199999999999 0.0021699380007115 0.00774905246608353 3.73037293861644
0.174399999999999 0.000963976928983269 -0.00849148712399756 3.73473136280841
0.174599999999999 0.00889806671957161 0.0074799272797832 3.75543527857045
0.174799999999999 -0.0100490133927859 -0.00498454880781577 3.75210704539856
0.174999999999999 0.00707769541674255 0.00819299864840541 3.76659448243793
0.175199999999999 -0.00188100086715824 -0.00421798920015241 3.7709933027954
0.175399999999999 -0.00268407428886423 -0.00342564082455239 3.78780147569931
0.175599999999999 0.00631171425453911 0.00402558164991574 3.81418209687717
0.175799999999999 -0.00719463229722444 -0.00356638294642069 3.82393738940824
0.175999999999999 0.00841257001124915 0.000906448229339994 3.84757848851805
0.176199999999999 -0.00430543236668205 -0.00912320268687459 3.84296657147598
0.176399999999999 0.00822517015920308 0.00672226326240681 3.86191458060515
0.176599999999999 -0.0120870698609896 -0.00271692437100564 3.86908861707149
0.176799999999999 0.00529832483181587 0.0022105922482364 3.89270361329223
0.176999999999999 0.00389887737694491 -0.00417903790288347 3.89877299127905
0.177199999999999 -0.00447132688589351 0.000823767236287716 3.9132202291183
0.177399999999999 -2.8336353819374e-06 0.00716385868448778 3.92453951743005
0.177599999999999 0.000277874992493675 0.00265087045241069 3.92712927078573
0.177799999999999 0.00440370100555093 -0.00950783674891416 3.93634599491419
0.177999999999999 0.00668945954352122 0.011572466885217 3.9594462932112
0.178199999999999 -0.00695407055380011 -0.00696609521356169 3.96035816712852
0.178399999999999 0.00257457495861883 0.0144913519212489 3.9743716071743
0.178599999999999 -0.00933029112451274 0.00744927921555999 3.98384751267601
0.178799999999999 0.0089365871433359 -0.00360857271317261 4.00343746948941
0.178999999999999 -0.00101821053362088 -0.0115274045662465 4.00641767059523
0.179199999999999 0.00155993383078216 0.0147513278622355 4.02297208393221
0.179399999999999 -0.0078181819706112 0.0009278060048248 4.02853598376034
0.179599999999999 0.00937241377234803 -0.00558765224375542 4.0410749318502
0.179799999999999 0.00498385290437364 0.00301465455919876 4.05187577439268
0.179999999999999 -0.0098646425945535 -0.00701423735551228 4.0449122376368
0.180199999999999 0.00659409661524954 0.013372300172376 4.06226568858825
0.180399999999999 -0.0062919166058647 -0.0154511804835419 4.04924180773201
0.180599999999999 0.012724974731194 0.00877495772594468 4.06823048930941
0.180799999999999 -0.00681983654474596 -0.00831564392959566 4.06773351228884
0.180999999999999 0.000651973872182764 0.00484264179420545 4.07978074899086
0.181199999999999 -0.00802430030348994 0.00474961152467146 4.07628760735031
0.181399999999999 0.00350870146574345 -0.0051036696439122 4.0793691270615
0.181599999999999 0.00792351054015337 0.00661631148384176 4.0786684374019
0.181799999999999 -0.00253996667946485 -0.00462491847675764 4.07194849277051
0.181999999999999 0.00889210455977254 0.0134074395950574 4.07961018347068
0.182199999999999 -0.0144673680977173 -0.00850040880670991 4.05689867802217
0.182399999999999 0.00190564722284518 0.0110185727334143 4.06158400944794
0.182599999999999 0.00246698525335006 0.00313796024607656 4.04956876688326
0.182799999999999 0.000768787087033947 -0.0116116468442096 4.03960782985087
0.182999999999999 0.0121582592496287 -0.00193146416918603 4.02940510955362
0.183199999999999 -0.00356170058636485 0.00195278673548292 4.02653472142213
0.183399999999999 0.00294969693599259 0.00305284712896121 4.02246294207938
0.183599999999999 -0.000816000325470742 -0.00389704234623336 4.01086617421548
0.183799999999999 -0.000763613395571902 0.00483118171356132 4.01376450183587
0.183999999999999 0.000441376885066212 0.000877915724188046 4.00927022598416
0.184199999999999 -0.00305094244520592 0.000637396349533491 4.0033084070841
0.184399999999999 0.00523091901370607 -0.0018576702950519 4.00458166516408
0.184599999999999 0.00565604568706057 -0.00558616109038594 4.0083508610308
0.184799999999999 -0.00547283573973997 -0.00038819721050162 4.02208481085042
0.184999999999999 -0.00656735629270712 0.00069692243839019 4.01989083441221
0.185199999999999 0.00277931889044715 0.0104295692050498 4.02607327364852
0.185399999999999 0.0107292979315098 -0.0153058327212333 4.02556950451499
0.185599999999999 0.0125858523140331 -0.00448680432388723 4.03283630452484
0.185799999999999 -0.00730409517214966 0.00727479568631125 4.04479434893565
0.185999999999999 -0.00257193345457331 0.00186731030058182 4.05066829175652
0.186199999999999 0.00625815275973174 -0.00601207021638463 4.0600934467712
0.186399999999999 0.00591773908503232 -0.00147815317649487 4.07420488758956
0.186599999999999 0.00204491945315124 0.00740389602530483 4.08575596026579
0.186799999999999 -0.00371425809903457 -0.00390108400889759 4.08746023639204
0.186999999999999 0.00644074750668875 -0.00179871361421852 4.10489061427198
0.187199999999999 -0.00678517396282356 -0.000805038093819769 4.10525646750474
0.187399999999999 0.00200430249786091 0.0146617279812756 4.12048478067851
0.187599999999999 -0.00179346532870268 -0.00609949739243819 4.12056252515064
0.187799999999999 0.0109102606380214 -0.00170569495253163 4.13153299315541
0.187999999999999 0.00765222438350889 0.000637948731517288 4.1374629987609
0.188199999999999 -0.0151153353941098 0.000509005989366463 4.13404550499597
0.188399999999999 0.00950496943991781 0.0103882835829269 4.15818720825366
0.188599999999999 0.00375053537102936 -0.0222082056962204 4.15429074306516
0.188799999999999 -0.00678425785077617 -0.000261657664585758 4.17069360587251
0.188999999999999 -0.010869122814788 0.0121744794877466 4.18503800678067
0.189199999999999 -0.00542954869452673 -0.00580274406943791 4.19506417225857
0.189399999999999 0.0149374365240611 0.00597081869053385 4.22159008654989
0.189599999999999 0.00817882816035113 -0.00341869109165879 4.22608507714732
0.189799999999999 0.00230640472701834 0.00550757654170225 4.24754569371481
0.189999999999999 -0.00957650228270596 0.00449001986618142 4.25320781787376
0.190199999999999 0.00421462280985044 0.000780876827226947 4.27382186799843
0.190399999999999 -0.00568483133850687 -0.00793080844383672 4.29304444404381
0.190599999999999 0.0123557337741652 0.00857530349271324 4.33365666588122
0.190799999999999 -0.00978041225637912 0.00244773288872042 4.33984251237017
0.190999999999999 0.00341991577324593 0.00933943053656247 4.363313020965
0.191199999999999 -0.00268227733292596 -0.00570930836476567 4.37159657300011
0.191399999999999 0.00741945640383858 0.00652424550678984 4.39215258369212
0.191599999999999 0.0034002923222803 0.00040155158841304 4.40629163400078
0.191799999999999 -0.00234826339319069 0.00246435281694459 4.41667949584788
0.191999999999999 -0.00503952598513817 0.00484415867826154 4.43665155145181
0.192199999999999 -0.00225418224161654 -0.00495460983773571 4.44666675155116
0.192399999999999 0.0122306203550113 0.00319538707921927 4.4669193126992
0.192599999999999 -0.0101292323085431 -0.00146177779797769 4.47212476131133
0.192799999999999 0.00514449566662993 0.00833690840353299 4.4872741002917
0.192999999999999 -0.000303025878880895 -0.00460781063223597 4.49742807140311
0.193199999999999 0.00583751979874565 -0.00324059324434238 4.50979794415191
0.193399999999999 -0.00212707234134335 0.00504247614946359 4.5173453650046
0.193599999999999 -0.00242780249452645 -0.00348833209668826 4.51419421553874
0.193799999999999 0.00848495840533069 0.0110081211504561 4.54122647893956
0.193999999999999 0.000478680797849302 -0.00612635158421852 4.54026847581832
0.194199999999999 -0.00157644649385051 -0.00936066560894886 4.54010519109373
0.194399999999999 -0.00256183892874409 0.0120311070378875 4.55403904029616
0.194599999999999 -0.00316720856596656 -0.00125207100752444 4.54620629429082
0.194799999999999 0.00439468228973972 -0.00297264372728812 4.55112633109953
0.194999999999999 -0.000229333598294183 -0.00445454410514756 4.55676176964773
0.195199999999999 -0.00497738697729245 0.00676877447651925 4.56777956083996
0.195399999999999 0.00895945612621049 -0.00261020257089443 4.57088661541635
0.195599999999999 -0.00602655803739738 -0.00624959177067541 4.56664786493247
0.195799999999999 -0.00450008014346579 0.0109812618830887 4.5764295522937
0.195999999999999 -0.00223054937998935 -0.00489463352124955 4.57034173914059
0.196199999999999 0.00934188617232991 0.000707456236001997 4.57936520653815
0.196399999999999 -0.00209469248651109 -0.00499570918736145 4.58025477993129
0.196599999999999 0.00218657130233202 0.0152795154885412 4.59448030692159
0.196799999999999 -0.00585770660131647 0.00274412942166818 4.60727934515273
0.196999999999999 0.00974130298801351 0.000360018048172669 4.62231946452613
0.197199999999999 -0.00956734223842356 -0.0108889743372037 4.61576678653713
0.197399999999999 0.00429306632533169 0.0193904969521467 4.63867315938973
0.197599999999999 -0.011152989739257 -0.00465868034993397 4.63228090518497
0.197799999999999 0.0105781204103391 0.00449958680120766 4.64407514718559
0.197999999999999 0.00130189912486796 -0.0108792165707293 4.65008146980047
0.198199999999999 0.000298737779814236 0.00648005045859963 4.65222095663734
0.198399999999999 -0.00255635258274747 0.00304322744859979 4.66157805819598
0.198599999999999 0.00466745063399998 -0.00115540949904044 4.67793578700964
0.198799999999999 0.00757980733634067 -0.0014307720067846 4.68953638531017
0.198999999999999 -0.0144743914425273 -0.00966823555677356 4.68715766835264
0.199199999999999 0.0080135992197627 0.00937886581826834 4.71714841456035
0.199399999999999 0.00244836320464752 -0.00937291225284185 4.72842523967486
0.199599999999999 0.0032532668787776 0.00289200022026971 4.7596454469475
0.199799999999999 -0.00227940689909754 -0.00131911184154697 4.78171467534396
0.199999999999999 -0.00177881379907933 0.005115496991059 4.79052923438638
