# Fix print output for fix def1
1.25579640471675e-15 -0.16647381194399 -0.75083875095485 0.0555788607492885
0.000200000000001419 0.263821390826767 0.0691675795116805 0.532390993135774
0.000400000000001404 -0.085008211124213 -0.0454296692501703 0.380036225254502
0.000600000000001388 0.0150718283041168 0.064030800730134 0.48574260191503
0.000800000000001372 -0.00826562093319832 -0.0342443617410599 0.473899308224765
0.00100000000000136 0.0269083210813914 0.0101381031827051 0.531870557576799
0.00120000000000134 -0.0167748252298155 -0.00400974121086218 0.538074144847987
0.00140000000000132 0.00482956567853907 0.0138060072078691 0.582342324600568
0.00160000000000131 0.00102031312596551 -0.0104514500288679 0.602659499590706
0.00180000000000129 0.00754438071149922 0.00354367834550282 0.639651196743267
0.00200000000000128 -0.00630081150505215 0.00107126587376664 0.66292591064576
0.00220000000000126 0.00197107211445949 0.00398557958275097 0.697552765264485
0.00240000000000143 0.00273485607152272 -0.0040182048696451 0.725699759064071
0.00260000000000141 0.00196191791975787 0.00115934146596601 0.757545131424735
0.00280000000000139 -0.00243035843342823 0.00249249365975871 0.786815355140691
0.00300000000000138 0.000665444771382943 0.000432818494083313 0.818421116743607
0.00320000000000136 0.00313739705930624 -0.00120840028867919 0.850068942051338
0.00340000000000135 -0.000275689846468398 2.59472995844878e-05 0.880267365445541
0.00360000000000133 -0.000556660959371219 0.00288906986178125 0.912519158782858
0.00380000000000132 4.89322745127759e-06 -0.00104079617427808 0.943186303114514
0.0040000000000013 0.00306505373794284 0.000165186273561018 0.976744318213633
0.00420000000000128 -0.00116683673557828 -0.000501456735897686 1.00675012227196
0.00440000000000127 0.000372456761218857 0.00283234925509003 1.04071282924038
0.00460000000000143 -0.000280963879042826 -0.0015596401532579 1.07151115344472
0.00480000000000142 0.00277997053426359 0.000782524722592338 1.10625487630254
0.0050000000000014 -0.0013788597379972 -0.000662071232078007 1.13688812210133
0.00520000000000138 0.000755704698351454 0.00253854481340828 1.17191791375784
0.00540000000000137 -0.000314901856646696 -0.00155989945459665 1.20346178641259
0.00560000000000135 0.00238596944445037 0.000944331214629553 1.23890446158951
0.00580000000000134 -0.00122124845075969 -0.00057733860904515 1.27057048283298
0.00600000000000132 0.000797315125700597 0.00209702836778152 1.30618572553745
0.00620000000000131 -0.00016092944844652 -0.00125025330174562 1.33882699100401
0.00640000000000129 0.00190279537319762 0.000798897365096234 1.3746641687117
0.00660000000000127 -0.000853845021343488 -0.000316508926294846 1.40761672982022
0.00680000000000144 0.000629074116419852 0.00158172293013523 1.44356194038714
0.00700000000000142 8.61841081580594e-05 -0.000800771448995452 1.47750553431037
0.00720000000000141 0.00141625388073999 0.000514881488224426 1.51361772113436
0.00740000000000139 -0.000408794250842093 4.50713650859371e-06 1.54797242785621
0.00760000000000137 0.00037660978506334 0.00107778623702763 1.58416182307239
0.00780000000000136 0.000344558587283996 -0.000332586895892066 1.61941435522135
0.00800000000000134 0.000998427330901839 0.000215244406353263 1.65575082948136
0.00820000000000133 -8.71158540434993e-06 0.000282438993816035 1.69140892008984
0.00840000000000131 0.000148079815553521 0.00066683704939272 1.72783940611501
0.0086000000000013 0.000554823134136976 7.2146728404775e-05 1.76427860848773
0.00880000000000128 0.000657656964691889 -4.71149189042772e-05 1.80090914206042
0.00900000000000144 0.000328927674599959 0.000499152243918428 1.83772293307925
0.00920000000000143 -1.99180025420355e-05 0.000362899614112091 1.8744985678477
0.00940000000000141 0.000668184873521123 0.000349348068560341 1.91195191496382
0.0096000000000014 0.000453846590835258 -0.000183755859195794 1.94902245472392
0.00980000000000138 0.0005315916605567 0.000583020692688518 1.98678231084235
0.0100000000000014 -8.4541242859811e-05 0.000190733840649463 2.02405421512495
0.0102000000000013 0.000702551969792476 0.000511839354989505 2.06233066616969
0.0104000000000013 0.000335204361684902 -0.000232062738571375 2.09995348816604
0.0106000000000013 0.000637068687678657 0.000583088053150344 2.13848584383812
0.0108000000000013 -5.50530486827526e-05 0.000133239620148048 2.17636692334425
0.0110000000000013 0.000638995799477339 0.000541079452023777 2.21525592716432
0.0112000000000015 0.000323832108714305 -0.000159639460581396 2.25352340185773
0.0114000000000014 0.000643128255759678 0.000495206869568748 2.29265204608553
0.0116000000000014 3.54602940452408e-05 0.00014581176177708 2.33123048095168
0.0118000000000014 0.000543500452210782 0.000508366043614963 2.37062957686762
0.0120000000000014 0.000351353736024955 -4.28497864383623e-05 2.4096014170469
0.0122000000000014 0.000594471431246668 0.000367820770878281 2.44920428227662
0.0124000000000014 0.000173990210678917 0.000205412580557846 2.48848099111919
0.0126000000000013 0.000430448399837822 0.000426249314602247 2.52830719035658
0.0128000000000013 0.000391490217385619 9.26109321918344e-05 2.56797550161602
0.0130000000000013 0.000526093647407818 0.00025603064241864 2.60799545760573
0.0132000000000013 0.000304158155759051 0.000259936150957504 2.64794447567449
0.0134000000000015 0.000336729103050839 0.000333411736225621 2.68815618137425
0.0136000000000014 0.000433224559331571 0.000221287096835003 2.72846225204509
0.0138000000000014 0.00045221299817785 0.000168521516252058 2.7688746322306
0.0140000000000014 0.000404225925601815 0.000293147761023817 2.80943227154001
0.0142000000000014 0.000292987619635397 0.000270604337708781 2.85005305548921
0.0144000000000014 0.00043889491705789 0.000296670028101374 2.89092729945178
0.0146000000000014 0.000407652563116237 0.000133173184679545 2.93173765122392
0.0148000000000013 0.00047120778171966 0.000300033662493198 2.97279968402494
0.0150000000000013 0.000282625949676949 0.000215088447406128 3.01381467693327
0.0152000000000013 0.000443920559835707 0.000346541857558972 3.05515871750391
0.0154000000000013 0.000361214017343366 0.000130749209347999 3.09638234851709
0.0156000000000015 0.00049444369863899 0.000295184633852543 3.13788496780234
0.0158000000000014 0.000310895343108399 0.000195247096020518 3.17927897147101
0.0160000000000014 0.000419577535974544 0.00033736174958316 3.2209759973678
0.0162000000000014 0.000351636291079273 0.000168915192316548 3.26259958464095
0.0164000000000014 0.000487010737578005 0.000273863499163266 3.30448348449846
0.0166000000000014 0.000350397272076646 0.000187089141291397 3.34627562101368
0.0168000000000014 0.000401741226509253 0.000304319805264784 3.38828305996694
0.0170000000000014 0.000367451399490001 0.000219624703411635 3.43027616132057
0.0172000000000013 0.000441993367213695 0.000239191222001654 3.47244120360463
0.0174000000000013 0.000391676406699128 0.000202933686247709 3.51460209266989
0.0176000000000013 0.000400079293477654 0.000270496996472623 3.55688323733547
0.0178000000000015 0.000375912328532299 0.000242179667078172 3.59920744161702
0.0180000000000015 0.00040279814553633 0.000226342880630449 3.64162912406222
0.0182000000000014 0.000421206784550361 0.000232242728324344 3.68411355320726
0.0184000000000014 0.000387472033828214 0.000227666001259656 3.72664234313202
0.0186000000000014 0.000396635471836102 0.000253906668569578 3.7692566871816
0.0188000000000014 0.000390844627213132 0.000216995172368308 3.81188588001896
0.0190000000000014 0.000435461903420184 0.00023936704007199 3.85458865544507
0.0192000000000014 0.000388783624719121 0.000200732333167226 3.89728034546951
0.0194000000000013 0.000422629060581595 0.000256084207142433 3.94009292323191
0.0196000000000013 0.000397366682125383 0.000196913060436045 3.98287668840669
0.0198000000000013 0.0004573278149413 0.000228399267598768 4.02571241439809
0.0200000000000013 0.000409164114337631 0.000183132810197555 4.06849567922829
0.0202000000000015 0.000438989967094247 0.000243381130314314 4.11137709377188
0.0204000000000014 0.000406088438029093 0.000200981764109055 4.15422355663645
0.0206000000000014 0.000444324436504361 0.00021689657425924 4.19709500649612
0.0208000000000014 0.000433063095470692 0.000188950123648972 4.23992169128865
0.0210000000000014 0.00044529671338471 0.000220999098017586 4.28281806894964
0.0212000000000014 0.000413930031662371 0.000194633683204011 4.32569957283897
0.0214000000000014 0.000448475531727546 0.000220083027173534 4.3685973193794
0.0216000000000013 0.000441734181271467 0.000188770302777505 4.41146471079871
0.0218000000000013 0.000452644182256725 0.00019505908057459 4.45435948763057
0.0220000000000013 0.000447794899537698 0.000195760081588963 4.49722273340899
0.0222000000000013 0.000444967957025999 0.000194312720146269 4.54003332487995
0.0224000000000013 0.000453989869631913 0.000193730634891144 4.58282023130129
0.0226000000000014 0.000459490478342536 0.000183944540983009 4.62562314049778
0.0228000000000014 0.000473359827549199 0.000186663133235475 4.66843045018603
0.0230000000000014 0.00045921423212658 0.00017661898569157 4.71117242804658
0.0232000000000014 0.000464697616921182 0.000191465040200203 4.75388964647433
0.0234000000000014 0.000461230782078495 0.000181079475902521 4.79657975903383
0.0236000000000014 0.000472919506090608 0.000178201497319643 4.8392655191103
0.0238000000000014 0.000470016484628633 0.000161831870772889 4.88188299873366
0.0240000000000013 0.000494910244920622 0.000185726145349189 4.9244654958313
0.0242000000000013 0.00047612902269339 0.000163897786805587 4.96699084063179
0.0244000000000013 0.000486451108563269 0.000171065691315176 5.00950160171931
0.0246000000000013 0.000483506715543703 0.000157132177405535 5.05195130794705
0.0248000000000015 0.000499748643529307 0.000165665019860207 5.09436156470046
0.0250000000000014 0.000491437195492946 0.000153101275563591 5.13670401901896
0.0252000000000014 0.000504317863628036 0.000160143399267621 5.17899461293449
0.0254000000000014 0.000514788346837759 0.000149227559333402 5.22120710918892
0.0256000000000014 0.000526596039974822 0.000136910108198673 5.26335545308497
0.0258000000000014 0.000532850552329474 0.000128660690541687 5.30542412901315
0.0260000000000014 0.000546954301401653 0.000131442346284377 5.34741986486671
0.0262000000000013 0.000547165499347515 0.000121995358463754 5.38932620775315
0.0264000000000013 0.000551361563720693 0.00011541725314098 5.43112068097452
0.0266000000000013 0.000564222043489303 0.000122076648996756 5.47281575151801
0.0268000000000013 0.000566839155691156 0.000109057720886656 5.51441191640003
0.0270000000000015 0.00059215430122156 0.000103551575212954 5.55591648026321
0.0272000000000014 0.00059988116258424 8.29025627097794e-05 5.59731331740681
0.0274000000000014 0.000606403127637245 8.20082960270227e-05 5.6385981206749
0.0276000000000014 0.000610971127335525 8.717873780734e-05 5.67975701212202
0.0278000000000014 0.000620429233423524 8.99598119636634e-05 5.72080019395813
0.0280000000000014 0.000625469255229259 6.58748221017935e-05 5.76171653120016
0.0282000000000014 0.000656596508494041 6.11096661681249e-05 5.80251067687512
0.0284000000000014 0.000671820267731095 4.44430781277891e-05 5.84316311397636
0.0286000000000013 0.000682066914535145 3.71405500161474e-05 5.88366964686528
0.0288000000000013 0.000691743408995495 3.8703769880172e-05 5.92403003133438
0.0290000000000013 0.000704957013122305 3.37950040496144e-05 5.96424386996207
0.0292000000000015 0.000725442220708042 1.80795592335358e-05 6.0042996648151
0.0294000000000015 0.000750015594151642 -1.91463441477028e-06 6.04420079095072
0.0296000000000014 0.000773841853473482 -1.32432434780664e-05 6.08394844154536
0.0298000000000014 0.000791150646455427 -1.96606450562993e-05 6.12351710789406
0.0300000000000014 0.000798038597931057 -2.31242878061666e-05 6.16289171478193
0.0302000000000014 0.000809423110015728 -3.33809068289969e-05 6.20207114302903
0.0304000000000014 0.000851893943958476 -4.54232366400975e-05 6.24106428258796
0.0306000000000014 0.000903062240478894 -8.19969335621002e-05 6.27984688899282
0.0308000000000013 0.000946501940252684 -0.000117661558899535 6.31841860583388
0.0310000000000013 0.000967062680660531 -0.000128183421069337 6.35675829657469
0.0312000000000013 0.00097402071976206 -0.000115643559039371 6.39485685810998
0.0314000000000015 0.000990991571514125 -0.00011725644634725 6.43272147759471
0.0316000000000015 0.00104434577098467 -0.000153085990612151 6.4703477411048
0.0318000000000014 0.0011242255915589 -0.00020667105947622 6.50772421824453
0.0320000000000014 0.00120381405772434 -0.000250414379886048 6.54482162669678
0.0322000000000014 0.00125918957270874 -0.000273126573943105 6.58160675010199
0.0324000000000014 0.00129463466264155 -0.000295009875288138 6.61805462021292
0.0326000000000014 0.00134992196026142 -0.000312200170143148 6.65418186214226
0.0328000000000014 0.00142644417302482 -0.000352733183688037 6.68997691188082
0.0330000000000013 0.00152568345073051 -0.000411325329723632 6.72540131164312
0.0332000000000013 0.00164828938503049 -0.00046723439828622 6.76043120708118
0.0334000000000013 0.00177510772021268 -0.000530729321956077 6.79505145397081
0.0336000000000015 0.00190850622937375 -0.000614928537595979 6.82921233088995
0.0338000000000015 0.00206601596670635 -0.000691979096260493 6.86288218466125
0.0340000000000014 0.00224333430711034 -0.000764376200690298 6.89602406351601
0.0342000000000014 0.00244046423015582 -0.000869342000147627 6.92860157324014
0.0344000000000014 0.00268725465921478 -0.000993668368931561 6.96058496832136
0.0346000000000014 0.0029819224789102 -0.00114036365797921 6.99191630727226
0.0348000000000014 0.00332572806226522 -0.00131060605809557 7.02252457037276
0.0350000000000014 0.00374678492094923 -0.00152352081788111 7.05234418071824
0.0352000000000014 0.00423739514590992 -0.00177975535861887 7.0812964853489
0.0354000000000013 0.00483410614385005 -0.00208137591563301 7.10930313712672
0.0356000000000013 0.00553895543636963 -0.00245573261690055 7.13624803715601
0.0358000000000015 0.00638525102777379 -0.0028618813233071 7.16205607067641
0.0360000000000015 0.00737974744799769 -0.00339477404062952 7.18657014490566
0.0362000000000015 0.00855937305016203 -0.00402018108404326 7.20966198831054
0.0364000000000014 0.00991089032851289 -0.0047508977781038 7.23117453030005
0.0366000000000014 0.0114731233425142 -0.00560892229054412 7.25092794420048
0.0368000000000014 0.0132693378897111 -0.00659455482152029 7.26867983727898
0.0370000000000014 0.0152409945261252 -0.00774695482221154 7.28411213921492
0.0372000000000014 0.0173940722096509 -0.0089087432373384 7.29698320859451
0.0374000000000014 0.0196166982330438 -0.0102214769227779 7.30702000174323
0.0376000000000013 0.0218934467910721 -0.0114254458217166 7.31428025239834
0.0378000000000013 0.0239605216350973 -0.0125837690234627 7.31884091428884
0.0380000000000015 0.025641951787648 -0.0134368631816377 7.32123551187967
0.0382000000000015 0.0266291185811377 -0.013975662598566 7.3221325804232
0.0384000000000015 0.026638272336948 -0.0138554855353041 7.32233036942008
0.0386000000000014 0.0254542384092071 -0.0131851548277559 7.32267329869679
0.0388000000000014 0.0231336785902071 -0.0117596188024745 7.32422683068236
0.0390000000000014 0.0197312437689423 -0.00978021777313074 7.32792105086683
0.0392000000000014 0.0157499019957894 -0.00747874610109491 7.33465652041085
0.0394000000000014 0.011694076208396 -0.00511695857774892 7.34512838339915
0.0396000000000014 0.00812780368092294 -0.00313082937333676 7.359670243032
0.0398000000000013 0.00554796671028522 -0.00168757980731453 7.37824461143617
0.0400000000000013 0.00400783019446081 -0.000965542056910681 7.40029058969051
0.0402000000000015 0.00346346910715669 -0.000786266773147777 7.42496634689827
0.0404000000000015 0.00347642815867528 -0.000953129012856253 7.45119966831858
0.0406000000000015 0.00361183085495969 -0.00114515084336944 7.47802012557181
0.0408000000000015 0.00354391673011392 -0.0011807521247045 7.50481292243138
0.0410000000000014 0.0031739727099237 -0.00100909470494625 7.5314358947415
0.0412000000000014 0.00263752129700633 -0.000692172463822081 7.5581048165559
0.0414000000000014 0.00214063294928023 -0.000417672907511908 7.58513711490919
0.0416000000000014 0.00191422488490718 -0.00030771130561654 7.61275251810008
0.0418000000000014 0.00194380422962602 -0.000380643444305579 7.64086998725905
0.0420000000000014 0.00205251766324477 -0.000490439388396717 7.66922098210187
0.0422000000000013 0.00206439286620709 -0.000531235402031413 7.69753837513991
0.0424000000000015 0.00191003721665499 -0.000466226415533425 7.72574177206089
0.0426000000000013 0.00165637565599267 -0.000316427882955928 7.75391127405005
0.0428000000000015 0.00142332110408326 -0.000187550892384287 7.78218306341359
0.0430000000000015 0.00134422701091058 -0.000157704203940246 7.81065570534093
0.0432000000000014 0.00139882786447605 -0.000229147012423513 7.83928922189546
0.0434000000000014 0.00145802296022912 -0.000294379341886543 7.86794245866539
0.0436000000000014 0.00140154045346283 -0.000279430397249297 7.89648322289325
0.0438000000000014 0.00125004600695651 -0.000192790281813 7.92488554109556
0.0440000000000014 0.00110459129220961 -0.000112243221272026 7.95325767439938
0.0442000000000014 0.00105466474970174 -9.62873437015123e-05 7.98169312830495
0.0444000000000013 0.00108304201696231 -0.000136279582799947 8.01016525139257
0.0446000000000015 0.00110114147959896 -0.000169557974747205 8.03857785118582
0.0448000000000013 0.00104465892196417 -0.000145481775763312 8.06686756748667
0.0450000000000015 0.000939664479285106 -8.81345902382854e-05 8.09504746078021
0.0452000000000015 0.000869324634641282 -5.10249858942812e-05 8.12316959237381
0.0454000000000014 0.000860486883423495 -6.43624128315188e-05 8.15125640826242
0.0456000000000014 0.000883782849313939 -9.02491505883933e-05 8.1792772132597
0.0458000000000014 0.000878713474438712 -0.000106625777833513 8.2071836740822
0.0460000000000014 0.000829037348795681 -8.45848011869594e-05 8.23496520119085
0.0462000000000014 0.000761387919580899 -3.95586349300798e-05 8.26257231132399
0.0464000000000014 0.000707150417780753 -6.72046586743313e-06 8.29018275719904
0.0466000000000014 0.000708753806555316 -1.39984445662603e-05 8.31765473937645
0.0468000000000015 0.000730551854647558 -5.71989767436537e-05 8.34512958185195
0.0470000000000013 0.000737731661877776 -6.35668957789665e-05 8.37257128210488
0.0472000000000015 0.000686762396537391 -4.70095240054999e-05 8.39994887656605
0.0474000000000015 0.000628745401516897 -3.41206378572045e-06 8.42732009034579
0.0476000000000015 0.000600275028168646 7.97817518467623e-06 8.45471796013884
0.0478000000000014 0.000615957541765313 -1.39151298811651e-05 8.48213619651958
0.0480000000000014 0.000644922654871449 -2.48622993732509e-05 8.50953521480728
0.0482000000000014 0.000629536232564654 -2.61339935820608e-05 8.53687529197706
0.0484000000000014 0.000595914284478716 4.23824929738412e-06 8.56417340474433
0.0486000000000014 0.000563155841721884 1.18011029814639e-05 8.59143755006935
0.0488000000000014 0.000567705320760909 8.20531812125574e-06 8.6186921083154
0.0490000000000015 0.000577932379653021 -6.11321643424374e-06 8.64591486314593
0.0492000000000013 0.000564523170675027 -4.97141274176951e-06 8.67309232172101
0.0494000000000015 0.000539336685431882 1.61809402874115e-05 8.7002320428627
0.0496000000000015 0.000523813762068165 2.56517220469009e-05 8.72733803826863
0.0498000000000015 0.000535496837151646 1.83755389686196e-05 8.75441296762273
0.0500000000000014 0.000546296773005399 1.15946955655136e-06 8.78143419299599
0.0502000000000014 0.000534967157972123 1.15855243310075e-06 8.8083877540679
0.0504000000000014 0.000510664030676165 2.34941865613922e-05 8.83527506808082
0.0506000000000014 0.000490544557291814 3.35028494842988e-05 8.86211225898359
0.0508000000000014 0.000496789637643304 3.54478395498766e-05 8.88891583277433
0.0510000000000014 0.000503889071305095 2.18058104607375e-05 8.91567374060198
0.0512000000000015 0.000501751869800971 2.83808089973737e-05 8.94237668726322
0.0514000000000013 0.000484187285697167 3.62075183483429e-05 8.96902350900966
0.0516000000000015 0.000470066714746117 4.00705040848291e-05 8.99556190106096
0.0518000000000015 0.000481655415144345 3.29121839390055e-05 9.0221163725324
0.0520000000000015 0.000480029357700408 2.00810952271432e-05 9.04854514367974
0.0522000000000015 0.000472712576968062 2.92363523917941e-05 9.07493199824204
0.0524000000000014 0.00045554615828139 3.53583676914288e-05 9.1013469970302
0.0526000000000014 0.000452179384925659 3.98766498689042e-05 9.12780171281617
0.0528000000000014 0.000463649099791234 4.32169489045835e-05 9.15430469956421
0.0530000000000014 0.000463827682608651 3.60358836918783e-05 9.18083682895112
0.0532000000000014 0.000457834452072912 4.30886550887891e-05 9.20739709306023
0.0534000000000015 0.000443187260807843 4.71641182118392e-05 9.23398184954619
0.0536000000000013 0.000438055051516844 4.38282814693406e-05 9.26059810872823
0.0538000000000015 0.000448764865179238 4.59161214978401e-05 9.28725089003433
0.0540000000000015 0.00044707971689605 3.62313991582328e-05 9.31392364601509
0.0542000000000015 0.000443103767802643 4.76986291339132e-05 9.34061995292608
0.0544000000000015 0.000425016803151091 4.99319243922977e-05 9.36733751487538
0.0546000000000014 0.000422582195449666 5.30543741424308e-05 9.39408684958431
0.0548000000000014 0.000426813568002922 4.91415669019587e-05 9.4208737169672
0.0550000000000014 0.000426527401923181 3.94346885356478e-05 9.44768009584212
0.0552000000000014 0.000424485146806872 4.93660208094527e-05 9.47450835658826
0.0554000000000014 0.000413521177302987 5.25107237101438e-05 9.5013501443476
0.0556000000000015 0.000412344576957741 5.62777326228548e-05 9.5282178132858
0.0558000000000013 0.000412546257152494 4.97296428322794e-05 9.55511139757767
0.0560000000000015 0.000406682926796559 4.28734430673328e-05 9.58202300258442
0.0562000000000015 0.000405953074931516 5.24103318396713e-05 9.60896157689221
0.0564000000000015 0.000401996414222888 5.88894893226536e-05 9.63592339098457
0.0566000000000015 0.000400981614605402 5.75542317507119e-05 9.66291059808139
0.0568000000000014 0.000406891388198256 6.00746285784344e-05 9.68991774866332
0.0570000000000014 0.000397775309554453 5.33741641499772e-05 9.71693365556862
0.0572000000000014 0.000397313725958761 6.23167736251158e-05 9.74396764460782
0.0574000000000014 0.000391481628802272 6.18732012668736e-05 9.77101490290545
0.0576000000000014 0.000386862834968747 5.32731348805402e-05 9.7980760821132
0.0578000000000014 0.000394104914064205 5.88629947436472e-05 9.82515518521825
0.0580000000000013 0.000386505281237127 5.31328751528286e-05 9.85223858768823
0.0582000000000015 0.00038578022365027 6.17488943421156e-05 9.87933973569559
0.0584000000000015 0.000383252053923882 6.38379544555148e-05 9.90645767862733
0.0586000000000015 0.000378101328745117 5.8223775430728e-05 9.93359320573508
0.0588000000000015 0.00037977652833001 6.35027722917521e-05 9.96075319437951
0.0590000000000015 0.000372557534822041 6.23538311572259e-05 9.98792331257162
0.0592000000000014 0.00036731124967977 6.23521294642143e-05 10.015110354631
0.0594000000000014 0.000372502595918207 6.33578028811111e-05 10.0423104737118
0.0596000000000014 0.000371447008173256 5.77821065390745e-05 10.0695189687685
0.0598000000000014 0.000373853473015294 6.34126162281154e-05 10.0967373538273
0.0600000000000016 0.000372636843365325 7.11068674159112e-05 10.1239607621647
0.0602000000000014 0.000367659932200619 7.06417560857955e-05 10.1511919325573
0.0604000000000015 0.000372737171437353 7.49413066924383e-05 10.1784386403579
0.0606000000000015 0.000368889263810866 7.0418038429197e-05 10.2056909302568
0.0608000000000015 0.000362478742129493 6.59874824080496e-05 10.2329487831955
0.0610000000000015 0.000360018807161033 6.89858932011624e-05 10.2602151374161
0.0612000000000015 0.000348603669159933 5.60404241378678e-05 10.2874899022513
0.0614000000000014 0.000354447373821748 6.33406196589544e-05 10.3147849620938
0.0616000000000014 0.000354862166488161 6.44116541652737e-05 10.3420908265081
0.0618000000000014 0.000355340040019525 6.93777862659273e-05 10.3693999451883
0.0620000000000014 0.000356068804789681 7.24409997236858e-05 10.3967136419252
0.0622000000000014 0.000352271575170107 6.76858449242497e-05 10.4240270167009
0.0624000000000014 0.000349954373301871 6.89275877442324e-05 10.4513507568072
0.0626000000000015 0.000347755360120203 7.04108591252432e-05 10.4786843787265
0.0628000000000013 0.000345732410314094 7.20094856573731e-05 10.506021931266
0.0630000000000015 0.000342000722253198 6.80692245850479e-05 10.5333624193776
0.0632000000000015 0.000345007598113305 6.88310728932006e-05 10.5607033502231
0.0634000000000015 0.000340480466933041 6.57886494223079e-05 10.5880452903528
0.0636000000000014 0.00034021455829775 6.94520627361332e-05 10.6153919993741
0.0638000000000014 0.00033779701845688 7.27006621255852e-05 10.6427487039162
0.0640000000000014 0.000334807781327998 6.91576643998686e-05 10.6701158785439
0.0642000000000014 0.000338460970077015 7.25556220952439e-05 10.6974967119004
0.0644000000000016 0.000336280269012119 7.17796401604137e-05 10.7248789196854
0.0646000000000014 0.000334914156541288 7.30338490100651e-05 10.7522581652398
0.0648000000000015 0.000337030301100236 7.6023678147778e-05 10.7796338783554
0.0650000000000013 0.000336470594566444 7.41656902815767e-05 10.8070077116016
0.0652000000000015 0.00033570009518368 7.61598429865655e-05 10.8343866183741
0.0654000000000015 0.000335790739272088 7.8634417659565e-05 10.8617674544926
0.0656000000000015 0.000331349740003786 7.77771990486233e-05 10.8891495825449
0.0658000000000015 0.000331108182547839 7.67819659881846e-05 10.9165323032178
0.0660000000000014 0.000327690304456947 7.09815231326764e-05 10.9439204146112
0.0662000000000014 0.000329192626748147 7.30382387418814e-05 10.9713111940808
0.0664000000000014 0.000326094385761921 6.99788282905745e-05 10.998701220345
0.0666000000000014 0.000327910242859977 7.6391376727836e-05 11.0260920060006
0.0668000000000014 0.000322874065692738 7.2335125994199e-05 11.0534805134653
0.0670000000000015 0.000323171733016204 7.55216154750659e-05 11.0808707647353
0.0672000000000013 0.000319369344832928 7.67158413207437e-05 11.1082598402144
0.0674000000000015 0.00031629040549013 7.522748072303e-05 11.1356421163387
0.0676000000000015 0.000316868047521985 7.61069056343019e-05 11.1630225274844
0.0678000000000015 0.000314818907622141 7.18958489686046e-05 11.1904030802618
0.0680000000000015 0.000313881007288399 7.08133787055286e-05 11.2177844642482
0.0682000000000014 0.000313894548376775 7.27513299467168e-05 11.245167434427
0.0684000000000014 0.000316877898943211 7.67301213416492e-05 11.2725485289105
0.0686000000000014 0.000314936047103925 7.64476044074248e-05 11.2999291590495
0.0688000000000014 0.000314162951359908 7.63146957632847e-05 11.3273081900021
0.0690000000000014 0.000315909993298182 7.97378405973261e-05 11.3546835818744
0.0692000000000016 0.000310944406991587 7.58364656938615e-05 11.3820505418887
0.0694000000000013 0.000312361947245014 7.9582701499415e-05 11.4094141145746
0.0696000000000015 0.000311872466975852 8.06140797937981e-05 11.4367791489079
0.0698000000000015 0.000309490735598348 7.749101891943e-05 11.4641395604906
0.0700000000000015 0.000311392165041303 7.92469644373615e-05 11.491496077085
0.0702000000000015 0.000307674105326594 7.53572114755885e-05 11.5188390424212
0.0704000000000014 0.000303350588976089 7.41643736570762e-05 11.5461769653647
0.0706000000000014 0.00030383376985912 7.69278554717385e-05 11.5735144488072
0.0708000000000014 0.000299473598783653 7.24401371301831e-05 11.6008486256568
0.0710000000000014 0.000300575722764913 7.36179957283711e-05 11.6281834258893
0.0712000000000014 0.00030131325045539 7.28343397519202e-05 11.6555113748149
0.0714000000000016 0.000302055686952295 7.48914211031044e-05 11.6828347894295
0.0716000000000014 0.000301415483852206 7.64416325136861e-05 11.7101487825037
0.0718000000000015 0.000296674846053501 7.27942827180495e-05 11.7374530244328
0.0720000000000015 0.000297288475165901 7.51584410522118e-05 11.7647495977286
0.0722000000000015 0.000294192406134098 7.13781266823106e-05 11.7920384537644
0.0724000000000015 0.000297076801785121 7.58881677056465e-05 11.8193269124226
0.0726000000000015 0.000299159243395174 7.89711438311819e-05 11.8466151677238
0.0728000000000014 0.00030075841601241 7.91202654276344e-05 11.8739000176994
0.0730000000000014 0.000300922216104049 8.06778284714683e-05 11.9011820433628
0.0732000000000014 0.000300224574124447 8.16805958404846e-05 11.9284516407174
0.0734000000000014 0.000295794262647624 7.92590756188028e-05 11.9557103867696
0.0736000000000016 0.000296027767304181 7.920119560455e-05 11.9829591547864
0.0738000000000014 0.000292819780391897 7.37663617655027e-05 12.0101979242531
0.0740000000000015 0.000293885607134824 7.26492421283343e-05 12.0374267628663
0.0742000000000015 0.000292579593159305 7.03653832986289e-05 12.0646436626159
0.0744000000000015 0.000292748991091053 7.32108419765147e-05 12.0918511611469
0.0746000000000015 0.000292019592268825 7.53707874613888e-05 12.1190502175873
0.0748000000000015 0.000288644131376911 7.39899495982527e-05 12.1462430006118
0.0750000000000015 0.000291738118897373 7.84586086986507e-05 12.1734298509096
0.0752000000000014 0.000287778892937906 7.41186549690641e-05 12.200605174977
0.0754000000000014 0.000289946009453127 7.68914971728141e-05 12.227775744503
0.0756000000000014 0.00028915448138942 7.76443436267972e-05 12.2549423415892
0.0758000000000016 0.000285247648271681 7.53114539173596e-05 12.282101729732
0.0760000000000014 0.000285405493246276 7.53287142140686e-05 12.3092518424131
0.0762000000000015 0.000284141515691676 7.18914242575102e-05 12.3363830280269
0.0764000000000015 0.000285616693193519 7.25240520764066e-05 12.3634995645889
0.0766000000000015 0.000286844048305311 7.42564618208823e-05 12.3906056062494
0.0768000000000015 0.000286697041524847 7.50350576744652e-05 12.417701696975
0.0770000000000015 0.0002851291163353 7.5429912392426e-05 12.4447917125749
0.0772000000000014 0.000283361783130927 7.28511391718358e-05 12.4718686435292
0.0774000000000014 0.000280295991153353 6.97871543164615e-05 12.4989353169449
0.0776000000000014 0.000284053512605554 7.42946007862926e-05 12.525986211577
0.0778000000000014 0.000282342478996947 7.23017606131896e-05 12.5530194722737
0.0780000000000016 0.000287223776001695 7.77939192537523e-05 12.5800426599739
0.0782000000000014 0.000286474448644033 7.70516495394141e-05 12.6070572723341
0.0784000000000015 0.000283039794003791 7.41166338625871e-05 12.6340672558384
0.0786000000000015 0.000287505948380802 7.98582461200741e-05 12.6610736245454
0.0788000000000015 0.000283777752331663 7.53240083420992e-05 12.6880593697555
0.0790000000000015 0.000284209568063744 7.59781160897756e-05 12.7150244855552
0.0792000000000015 0.000284274176147912 7.77704103039577e-05 12.7419711440663
0.0794000000000015 0.000280542651329358 7.48378764021287e-05 12.7689042042827
0.0796000000000014 0.000282435046022531 7.97495847303738e-05 12.7958336453316
0.0798000000000014 0.000279481065043344 7.76685460377801e-05 12.8227534034824
0.0800000000000014 0.000280385609525931 7.80621915970758e-05 12.8496624038836
0.0802000000000016 0.000278602038176311 7.64848329341032e-05 12.8765561399631
0.0804000000000014 0.000275075914207926 6.9549056652519e-05 12.9034310506813
0.0806000000000015 0.000276785478065902 7.00665816947285e-05 12.9302914008873
0.0808000000000015 0.000275095289685304 6.77724823461369e-05 12.9571323873559
0.0810000000000015 0.000276109139221799 6.96928467080121e-05 12.9839619774296
0.0812000000000015 0.000279942642186726 7.48792350149878e-05 13.0107835040333
0.0814000000000015 0.000274504948279678 6.8815615132551e-05 13.0375928106417
0.0816000000000015 0.000274595113579199 7.01584712778322e-05 13.0643911512202
0.0818000000000015 0.000274188164412465 7.06462118747801e-05 13.0911695557504
0.0820000000000014 0.000271219672813177 6.69233043646919e-05 13.1179237087928
0.0822000000000014 0.000276432145717202 7.26261074622533e-05 13.1446558496307
0.0824000000000016 0.000273786553209208 7.19951920835125e-05 13.1713662876487
0.0826000000000014 0.000273692394539966 7.25148259636125e-05 13.19806393144
0.0828000000000016 0.000273163806951723 7.29537850876311e-05 13.2247549821157
0.0830000000000014 0.000267766031963016 6.78653476049343e-05 13.2514357899159
0.0832000000000015 0.000269790117739318 7.0815752197905e-05 13.2781055522376
0.0834000000000015 0.000270025041034099 6.99540327951818e-05 13.3047566524789
0.0836000000000015 0.000266909027489845 6.27776080532645e-05 13.3313885462124
0.0838000000000015 0.00027174543111554 6.6713750638335e-05 13.3580042398635
0.0840000000000015 0.00026904607084612 6.36536858863947e-05 13.3845933008319
0.0842000000000014 0.000267857104917606 6.39963962535283e-05 13.4111606582793
0.0844000000000014 0.000269882793199169 6.87513705349525e-05 13.4377120505454
0.0846000000000016 0.000265004917835571 6.46871183274461e-05 13.4642476960642
0.0848000000000014 0.000267200999221026 6.72464679273874e-05 13.4907699744602
0.0850000000000016 0.000265295006060187 6.53884090814094e-05 13.5172707700477
0.0852000000000014 0.000266920601698099 6.65547320972866e-05 13.5437483762477
0.0854000000000015 0.000266924815935885 6.84972821889985e-05 13.5702101920324
0.0856000000000015 0.000268503757028046 6.96286744069708e-05 13.5966545505717
0.0858000000000015 0.000270501801357351 6.81752099393451e-05 13.6230835458052
0.0860000000000015 0.000275250107725617 6.87281982183019e-05 13.649491813955
0.0862000000000015 0.000268712433017491 5.88187856193613e-05 13.6758771014913
0.0864000000000014 0.000270599959091201 6.27185287792548e-05 13.7022444853731
0.0866000000000014 0.000267216136099021 6.25514650924756e-05 13.7285895412999
0.0868000000000016 0.000265207393708614 6.3225535326006e-05 13.7549124010195
0.0870000000000014 0.000271693746287673 7.16070822725874e-05 13.7812166112818
0.0872000000000016 0.000270729528871034 7.11189468747915e-05 13.8074975505101
0.0874000000000014 0.000269638594788309 6.82059327963058e-05 13.8337589277832
0.0876000000000015 0.000272509961617333 7.11872270438275e-05 13.8600000399943
0.0878000000000015 0.000268420473963986 6.7416909429782e-05 13.8862166279092
0.0880000000000015 0.000271169218720653 7.12277964888737e-05 13.9124151829956
0.0882000000000015 0.000270808917706464 6.97615321564265e-05 13.9385917845122
0.0884000000000015 0.000266802648737729 6.2986525298654e-05 13.9647470079936
0.0886000000000015 0.000270336738787377 6.50476955121035e-05 13.9908855504587
0.0888000000000014 0.000266625220271794 5.95884189437912e-05 14.0170011487452
0.0890000000000016 0.000266222586193185 5.86699248584392e-05 14.0430952621411
0.0892000000000014 0.000272558202378578 6.55689028023111e-05 14.0691633864315
0.0894000000000016 0.000265201851607236 5.95881992202925e-05 14.0951969255439
0.0896000000000014 0.000267397359281674 6.20650558373277e-05 14.1212103016584
0.0898000000000015 0.000269164959785712 6.38988515297994e-05 14.1472063150337
0.0900000000000015 0.000263881888312601 5.83822122236882e-05 14.1731818385391
0.0902000000000015 0.000267998531402922 6.25239629613293e-05 14.1991397783598
0.0904000000000015 0.00026873817686411 6.24756183994413e-05 14.2250707046497
0.0906000000000015 0.000266628595206298 5.95310250320407e-05 14.2509766910102
0.0908000000000015 0.000271472038996243 6.49596798565183e-05 14.2768615486901
0.0910000000000014 0.000265258833218052 6.00817251479869e-05 14.3027157526109
0.0912000000000016 0.000264319418209445 6.00947034954318e-05 14.3285444183762
0.0914000000000014 0.000267680592201364 6.56520025636881e-05 14.3543478910305
0.0916000000000016 0.000261287324883621 5.90615303082341e-05 14.38012105598
0.0918000000000014 0.000266475728831851 6.23351825594545e-05 14.4058798304928
0.0920000000000015 0.000266457869348419 6.16038474612623e-05 14.4316233640691
0.0922000000000015 0.000261631831858736 5.47264033639774e-05 14.4573449709651
0.0924000000000015 0.000264434831587043 5.62621045295954e-05 14.483058600397
0.0926000000000015 0.000265492354159178 5.63169415276298e-05 14.5087734131318
0.0928000000000015 0.000262069525906177 5.21514930092717e-05 14.534494702901
0.0930000000000015 0.000271375468380386 6.31279237580324e-05 14.560226337663
0.0932000000000014 0.000265852022484982 5.81540917120094e-05 14.5859703982921
0.0934000000000016 0.000266059752148964 5.86139500966742e-05 14.611733853823
0.0936000000000014 0.000267124834990755 6.15689098469653e-05 14.6375165525331
0.0938000000000016 0.000261436361066931 5.56620830155943e-05 14.663302938707
0.0940000000000014 0.000266255299660616 5.90456546565349e-05 14.6890956080363
0.0942000000000015 0.00027110317236107 6.25324841112617e-05 14.7148886813502
0.0944000000000015 0.000265365148140687 5.48063296447866e-05 14.7406853136835
0.0946000000000015 0.000268888734791308 5.88777076286017e-05 14.7665019001478
0.0948000000000015 0.000267053383370786 5.78194057030668e-05 14.792338237112
0.0950000000000015 0.000261015968772964 5.09358194050495e-05 14.8181881047161
0.0952000000000015 0.000267752287979912 5.63710556538723e-05 14.8440506433385
0.0954000000000015 0.000266392880947156 5.34109129073733e-05 14.869915157955
0.0956000000000014 0.000263775291011047 4.90158318706571e-05 14.8957819832818
0.0958000000000014 0.000266884267880439 5.11859899066274e-05 14.9216563525148
0.0960000000000016 0.000264986372092792 4.65759585769857e-05 14.9475304966824
0.0962000000000014 0.000265611520619775 4.57592158178218e-05 14.9734104132081
0.0964000000000016 0.000268102762968397 5.10076447763674e-05 14.9992991081068
0.0966000000000015 0.000260222360590468 4.53705124227271e-05 15.0251964411788
0.0968000000000015 0.000260470034148482 4.70167000712069e-05 15.0511171048246
0.0970000000000015 0.00026530460720047 5.01403699361775e-05 15.0770582832211
0.0972000000000015 0.000258904443509649 4.05479767530722e-05 15.103007559163
0.0974000000000015 0.000263779978327851 4.47073432230256e-05 15.1289565810578
0.0976000000000015 0.000265079519296791 4.71048421386897e-05 15.1548898269095
0.0978000000000016 0.000258223803234248 4.10265254288758e-05 15.1808122379347
0.0980000000000014 0.000267717413295807 5.11433949867479e-05 15.2067455308049
0.0982000000000016 0.0002680656910482 4.92734061899598e-05 15.2326905651146
0.0984000000000014 0.000263463584481759 4.26932280574979e-05 15.2586471047658
0.0986000000000016 0.000270161886857909 4.89102486120923e-05 15.2846175035625
0.0988000000000016 0.000264549183048441 4.33984247406714e-05 15.3105927996431
0.0990000000000015 0.000265382470636944 4.43875966730784e-05 15.3365751912317
0.0992000000000015 0.000267759626088019 4.76218134588021e-05 15.362561628426
0.0994000000000015 0.000261552871624085 3.99590390324241e-05 15.388540030826
0.0996000000000015 0.000262102684063048 3.83526814757962e-05 15.4145198646625
0.0998000000000015 0.000267939504151501 4.27939759927609e-05 15.4405035725011
0.100000000000001 0.000261127373884106 3.48902677988109e-05 15.4664895980606
0.100200000000001 0.000263812538055793 3.94646819590492e-05 15.4924873582778
0.100400000000002 0.000265586034570609 4.27680458605312e-05 15.5184910549233
0.100600000000001 0.000258762342062642 3.54857868556057e-05 15.5444994264787
0.100800000000002 0.000265384210326952 4.13184175338242e-05 15.5705208068885
0.101000000000002 0.000264027730205584 4.01291109755055e-05 15.5965460263689
0.101200000000002 0.000258581822520122 3.380149007234e-05 15.6225711961034
0.101400000000002 0.000266377268300378 4.10157804826002e-05 15.6485959131679
0.101600000000002 0.000264037278389845 3.73069282652173e-05 15.6746098956274
0.101800000000001 0.000262808772309405 3.54882428644721e-05 15.7006195601523
0.102000000000001 0.000271792757324207 4.38695336288689e-05 15.7266332262199
0.102200000000002 0.000265930743964636 3.59911891121493e-05 15.7526437310804
0.102400000000001 0.000265324529671282 3.34355710045752e-05 15.7786588664249
0.102600000000002 0.000272406360088044 3.94633652655929e-05 15.8046773298378
0.102800000000001 0.000265416788221712 3.10961495049099e-05 15.8306924184254
0.103000000000002 0.00026885033587943 3.48737471138588e-05 15.8567117157262
0.103200000000002 0.000272974122519367 3.95077705758585e-05 15.8827375764271
0.103400000000002 0.000265518762427777 3.18638279328797e-05 15.9087623456537
0.103600000000002 0.000267767043538204 3.25649993186585e-05 15.9347897003514
0.103800000000002 0.000269755807609292 3.13402997855618e-05 15.9608122502327
0.104000000000001 0.000265831626200941 2.48427818459281e-05 15.9868267440348
0.104200000000001 0.000270365245302467 2.75676944320522e-05 16.0128417973753
0.104400000000001 0.000272662996685926 3.1533435502101e-05 16.0388556273264
0.104600000000001 0.000267116079060146 2.56847937615583e-05 16.0648676929113
0.104800000000002 0.000272378676985327 3.11818682649665e-05 16.0908866770528
0.105000000000001 0.000271480564162815 3.00352298942457e-05 16.1169032478582
0.105200000000002 0.000265506412926082 2.20131395426267e-05 16.1429105231519
0.105400000000001 0.000271886328235116 2.67961197703445e-05 16.1689128906187
0.105600000000002 0.000273396939206739 2.74713856466864e-05 16.1949077314741
0.105800000000002 0.000270113675883514 2.47307236690956e-05 16.2209022059037
0.106000000000002 0.000277531895537956 3.27454229283095e-05 16.2469013589934
0.106200000000002 0.000277006126119657 3.04509307216869e-05 16.2728988257667
0.106400000000001 0.000275176664028746 2.61654607217195e-05 16.2988917003476
0.106600000000002 0.000277417614596031 2.57669115704583e-05 16.3248822318645
0.106800000000001 0.00027453740616381 2.20370315918131e-05 16.3508592466777
0.107000000000002 0.000272391010629422 1.91491310292989e-05 16.3768236443218
0.107200000000001 0.000276835675121595 2.35846249246343e-05 16.4027817613148
0.107400000000002 0.000271145351262839 1.78304644725517e-05 16.4287340836227
0.107600000000001 0.000268618615484257 1.40473850676656e-05 16.4546861100903
0.107800000000002 0.000272727312517053 1.66791472561212e-05 16.4806357245979
0.108000000000002 0.000270253591632128 1.17963417502127e-05 16.5065728555499
0.108200000000002 0.000268174885545582 9.0241481095971e-06 16.5325018706488
0.108400000000002 0.000273250321756095 1.60016366054757e-05 16.5584272426853
0.108600000000001 0.000269542325969825 1.28631722019244e-05 16.5843461269602
0.108800000000001 0.000272220839979466 1.38453489103928e-05 16.6102700195964
0.109000000000001 0.000280971389899106 2.05861849963887e-05 16.6361961300943
0.109200000000002 0.000273331815750945 1.03801417242106e-05 16.6621099927686
0.109400000000001 0.000274768506119488 1.00972725494102e-05 16.6880073421773
0.109600000000002 0.000280150466590707 1.4046944257853e-05 16.7138824693503
0.109800000000001 0.000272549125929765 4.37904263766606e-06 16.7397374619515
0.110000000000002 0.000277259671526382 7.87682396556137e-06 16.7655922154106
0.110200000000002 0.000282316517187792 1.30521464062309e-05 16.791443592237
0.110400000000002 0.000273533305329664 3.58562979345844e-06 16.8172839767754
0.110600000000002 0.000279550282448499 1.02385485673837e-05 16.8431215709813
0.110800000000001 0.000284087361055144 1.43592523207039e-05 16.8689578710183
0.111000000000002 0.000274520310074289 4.46941098711929e-06 16.8947888432998
0.111200000000001 0.000279464974574073 7.83213626639898e-06 16.9206148434602
0.111400000000002 0.000283207675624642 8.12162791811438e-06 16.9464163606919
0.111600000000001 0.000279028292305441 1.73059836388109e-06 16.9721854732215
0.111800000000002 0.000284174715655364 6.68975159125448e-06 16.9979368452981
0.112000000000001 0.000285732889114235 9.91840656272788e-06 17.0236823824464
0.112200000000002 0.000280081312565987 2.88350200532314e-06 17.0494301399328
0.112400000000002 0.00028626149431781 4.68786048236745e-06 17.0751798488753
0.112600000000002 0.000288151859946041 4.38740329570775e-06 17.1009139463889
0.112800000000002 0.000279542263536282 -5.60596958253784e-06 17.1266218772388
0.113000000000002 0.000282669022759552 -2.52422082042593e-06 17.152314248481
0.113200000000001 0.000288630047908914 2.80431142515208e-06 17.1779868721842
0.113400000000001 0.000279438024779602 -8.37392712351879e-06 17.2036376217028
0.113600000000002 0.000284241389850467 -3.80878767045314e-06 17.2292798624913
0.113800000000001 0.000285698973369738 -4.88524544375617e-06 17.2549144694368
0.114000000000002 0.000280650209994044 -1.16368658032493e-05 17.2805367157891
0.114200000000001 0.000284953974993775 -9.55928016254173e-06 17.3061458508551
0.114400000000002 0.000287754892186693 -6.4194397394305e-06 17.33173290565
0.114600000000002 0.000279843696212803 -1.43918048174926e-05 17.3572977710038
0.114800000000002 0.000286077577113098 -8.89278711067772e-06 17.3828512045501
0.115000000000002 0.0002882699612351 -7.93273699018008e-06 17.408390300673
0.115200000000002 0.000280454837232804 -1.77391758114875e-05 17.4339147592636
0.115400000000002 0.000288845279250958 -1.24943957314195e-05 17.4594323652877
0.115600000000001 0.000292576295345708 -1.30032040980186e-05 17.484933411174
0.115800000000002 0.000288465570648192 -1.85350324870263e-05 17.51041039244
0.116000000000001 0.000292239864557142 -1.28286298079647e-05 17.5358694644451
0.116200000000002 0.000292658863177225 -1.15194540133554e-05 17.5613074787284
0.116400000000001 0.000287281157432351 -1.90349591092766e-05 17.5867249972347
0.116600000000002 0.000293266387694356 -1.53223742967067e-05 17.6121256548606
0.116800000000002 0.000294305425934822 -1.38548140441142e-05 17.6375049382486
0.117000000000002 0.000290711503042891 -1.8132650041774e-05 17.6628621280201
0.117200000000002 0.000295391005672666 -1.56720258796187e-05 17.6882020020311
0.117400000000002 0.000297891123937203 -1.52204093614531e-05 17.713519190303
0.117600000000002 0.000291768996850672 -2.18893849023537e-05 17.7388117185605
0.117800000000001 0.000296212531618702 -1.7447034579682e-05 17.7640849905195
0.118000000000002 0.000300192731204524 -1.59603354639842e-05 17.7893347608186
0.118200000000001 0.00029469216531313 -2.43918785783345e-05 17.8145594592658
0.118400000000002 0.000299013778977536 -2.41432420979796e-05 17.8397689760106
0.118600000000001 0.000302299759305305 -2.31393705707708e-05 17.864958911322
0.118800000000002 0.000296297123688913 -3.02909623715019e-05 17.8901210453589
0.119000000000002 0.000298905571109083 -2.7405593449969e-05 17.9152563776255
0.119200000000002 0.000298432065443083 -2.79330068249424e-05 17.9403667493607
0.119400000000002 0.000293095436996128 -3.35330331194368e-05 17.965458677502
0.119600000000002 0.000296804009215794 -3.26656384302024e-05 17.9905381619815
0.119800000000002 0.00029959215278384 -3.25234037099714e-05 18.0155948841536
0.120000000000001 0.000295150966460926 -3.94899343988557e-05 18.040618763254
0.120200000000002 0.000300800796578792 -3.51473667461438e-05 18.0656135161639
0.120400000000001 0.000305172541767111 -3.29824641036255e-05 18.0905776513787
0.120600000000002 0.000304045691858746 -3.67730819369022e-05 18.1155100856933
0.120800000000001 0.000305192091150985 -3.86588456862826e-05 18.1404125970735
0.121000000000002 0.000312341614189389 -3.21357928027062e-05 18.1652906757081
0.121200000000002 0.000305529790656652 -4.10566978536914e-05 18.190149174357
0.121400000000002 0.000307285935063975 -3.99969973493441e-05 18.2149960213026
0.121600000000002 0.000307503191345643 -4.14379174857962e-05 18.2398158103011
0.121800000000002 0.000306209767597588 -4.50725037348169e-05 18.2645912543804
0.122000000000002 0.000306083089240132 -4.58474729600555e-05 18.2893227837544
0.122200000000002 0.000310446662663758 -4.23054372352183e-05 18.3140255135926
0.122400000000002 0.000308114377910739 -4.4928387872081e-05 18.338709116622
0.122600000000001 0.000308489031067172 -4.74809208787092e-05 18.3633794565209
0.122800000000002 0.00031491898010461 -4.5968730445723e-05 18.3880302142781
0.123000000000001 0.000309997929536393 -5.37354732217977e-05 18.4126467755545
0.123200000000002 0.000309071418792224 -5.34430959812114e-05 18.4372249868462
0.123400000000001 0.000313326334630437 -4.76240813025588e-05 18.4617616115407
0.123600000000002 0.000311593587361345 -4.9504460295286e-05 18.4862575442674
0.123800000000002 0.000309478544358615 -5.52159977626498e-05 18.5107240262044
0.124000000000002 0.000315544249430644 -5.14636469434942e-05 18.5351662469441
0.124200000000002 0.000310487395733116 -5.81796113079391e-05 18.5595762107168
0.124400000000002 0.000311788274531774 -5.88675119114556e-05 18.5839538392135
0.124600000000002 0.000321656893907977 -5.10238260981737e-05 18.6083002926588
0.124800000000001 0.000317618529322929 -5.49578609711354e-05 18.6326103514899
0.125000000000002 0.000316901723154407 -5.76041069254168e-05 18.6568898848698
0.125200000000001 0.000324581789228556 -5.23729673379279e-05 18.6811362371946
0.125400000000002 0.00031970841692152 -6.05174725070745e-05 18.7053377127884
0.125600000000001 0.000315199375176762 -6.78039070648638e-05 18.7294988129177
0.125800000000002 0.00032441595170431 -6.14353599399082e-05 18.7536281073685
0.126000000000002 0.000323884112281617 -6.58877956552886e-05 18.777721802329
0.126200000000002 0.000319808555074051 -7.10766177705658e-05 18.8017804511409
0.126400000000002 0.000326881790487789 -6.54582821543654e-05 18.8258054755267
0.126600000000002 0.00032674634932435 -6.71714848221558e-05 18.849794634653
0.126800000000002 0.00032340051775923 -7.08810116814394e-05 18.8737529579931
0.127000000000001 0.000327421346788249 -6.70956591996167e-05 18.8976797991291
0.127200000000002 0.000326970693881569 -6.89876071808623e-05 18.9215589770773
0.127400000000001 0.000326464436097383 -7.46533935845808e-05 18.9453832906173
0.127600000000002 0.00033356711370945 -7.24832122943905e-05 18.9691599140591
0.127800000000001 0.000334059932149815 -7.60386082109952e-05 18.9928925092308
0.128000000000002 0.000329677078920981 -8.13935959254082e-05 19.0165840488264
0.128200000000002 0.000331812922127572 -7.65857422276076e-05 19.0402382803144
0.128400000000002 0.000329007563866789 -7.61537293612433e-05 19.0638559972202
0.128600000000002 0.000323792582158286 -8.1416412367514e-05 19.0874444591638
0.128800000000002 0.000331941197113873 -8.03087258577647e-05 19.1110113759409
0.129000000000002 0.000335820460115716 -8.28820610982827e-05 19.1345451505829
0.129200000000001 0.000337248300176912 -8.77185272373512e-05 19.1580327110782
0.129400000000002 0.000342459488036819 -8.90223000046212e-05 19.1814654491333
0.129600000000001 0.00034775406947346 -8.44960484058463e-05 19.2048421072313
0.129800000000002 0.000341019267464866 -8.77878573626524e-05 19.2281647892764
0.130000000000001 0.00034287620425552 -8.49192593884734e-05 19.2514474652039
0.130200000000002 0.000343240423134111 -8.87143828997586e-05 19.2746918836294
0.130400000000002 0.000341360250633706 -9.56145060364452e-05 19.2978965267089
0.130600000000002 0.000342105859048027 -9.88691336537288e-05 19.3210529746704
0.130800000000002 0.000344159229044188 -9.72632672650361e-05 19.3441548102006
0.131000000000002 0.000342110991550905 -9.63801328960675e-05 19.3672025721737
0.131200000000002 0.000341560627376918 -9.71803033845557e-05 19.3902082642981
0.131400000000001 0.000349468762431117 -9.3731475704033e-05 19.4131807727465
0.131600000000002 0.000349618880044989 -9.9690227573919e-05 19.436113217678
0.131800000000001 0.000349338161567024 -0.00010235940183698 19.4589993532162
0.132000000000002 0.000349623734831294 -0.000102183445502669 19.4818301140004
0.132200000000001 0.000350528215933631 -0.000103266763207441 19.5045989909921
0.132400000000002 0.000351230312895921 -0.000106402770251254 19.5273088723591
0.132600000000002 0.000357106268976438 -0.000103548164204933 19.5499722980015
0.132800000000002 0.000358609370126096 -0.000103999561366674 19.5725934629442
0.133000000000002 0.000355594912495699 -0.000107091968385233 19.5951709789198
0.133200000000002 0.000359792980651628 -0.00010401317983647 19.6177033966191
0.133400000000002 0.000362311957029772 -0.000106532490268419 19.6401890989778
0.133600000000001 0.000360897046707313 -0.000113637787967285 19.6626289413311
0.133800000000002 0.00036357938505167 -0.000115185510819502 19.6850196623289
0.134000000000001 0.000368574791195361 -0.00011403693086722 19.7073487367781
0.134200000000002 0.000364668423675921 -0.000117625306269018 19.7296081568659
0.134400000000001 0.000362450787144783 -0.000117776487502678 19.7518054558118
0.134600000000002 0.00036309557156684 -0.000116040998527603 19.7739548542834
0.134800000000002 0.000360913527774003 -0.000121294354274715 19.7960652773776
0.135000000000002 0.000364233639197876 -0.000123455827747476 19.818138016964
0.135200000000002 0.000368191801443618 -0.00012419345748599 19.8401590348664
0.135400000000002 0.000368929084181534 -0.000128419174899658 19.8621091423114
0.135600000000002 0.000373169407222643 -0.000125696870888181 19.883986999319
0.135800000000002 0.000377265735188931 -0.000123502064871414 19.9057967382398
0.136000000000002 0.000377090191448047 -0.000131520845649613 19.9275507329893
0.136200000000001 0.000382925285474494 -0.000131296386008335 19.9492607529145
0.136400000000002 0.000382342381783085 -0.000132309180748203 19.9709240339206
0.136600000000001 0.000377854812279473 -0.000134896362120253 19.9925348014829
0.136800000000002 0.000379123667839839 -0.000137856312413791 20.0140897398378
0.137000000000002 0.000381469078017228 -0.000144816349326842 20.0355830075526
0.137200000000002 0.000383484635703284 -0.000149379070705067 20.0570094584561
0.137400000000002 0.000380022720727154 -0.000150943342898901 20.0783653036289
0.137600000000002 0.000382912135975153 -0.000141511243704781 20.099659363576
0.137800000000002 0.000380557149271846 -0.000142860699163452 20.1208987656642
0.138000000000002 0.000381623355315579 -0.000148879474341227 20.1420895033679
0.138200000000002 0.000387869120689038 -0.000151892544013402 20.1632209232766
0.138400000000001 0.000389998789818043 -0.000153760863038009 20.184281123369
0.138600000000002 0.000388033201116102 -0.00015527906363608 20.2052750868578
0.138800000000001 0.000390543442139934 -0.000155392137482667 20.2262116341707
0.139000000000002 0.000395182435852672 -0.000156708244230953 20.2470917923536
0.139200000000002 0.000395837175687292 -0.000162096341242286 20.2679091534164
0.139400000000002 0.000395939551421893 -0.000163630027923642 20.2886577371715
0.139600000000002 0.000399146739625044 -0.000161280577162012 20.3093346471626
0.139800000000002 0.00039957644194554 -0.000164451000670198 20.329938359955
0.140000000000002 0.000404220452528627 -0.000165862304838954 20.3504775349767
0.140200000000002 0.000407117930380935 -0.000169494283511836 20.3709550665754
0.140400000000002 0.00040585986160281 -0.000172878219947519 20.3913699596674
0.140600000000001 0.000403305060139807 -0.00017542609129609 20.4117194722683
0.140800000000002 0.000404401492510587 -0.000174262008440278 20.4320080863218
0.141000000000001 0.000405399487101428 -0.000176072761103268 20.4522382505733
0.141200000000002 0.00040382900071506 -0.000182679393221215 20.4724076331893
0.141400000000001 0.0004097369611735 -0.00018043340437426 20.4925099263291
0.141600000000002 0.000410731323162906 -0.000179732758118626 20.5125342460479
0.141800000000002 0.000409139466175755 -0.000182567883136065 20.5324868368296
0.142000000000002 0.00041717030398976 -0.000181490230070588 20.5523787008653
0.142200000000002 0.000424101212074756 -0.000187365542106811 20.5722055969009
0.142400000000002 0.000427333794610593 -0.00019178969342611 20.5919563937582
0.142600000000002 0.000427607582181401 -0.000188390391986818 20.6116203731856
0.142800000000001 0.000420061069775278 -0.000186863113516775 20.6312001707671
0.143000000000002 0.000420677662943792 -0.000188135747872156 20.6507141526931
0.143200000000001 0.000427798679515506 -0.000192013215246224 20.6701703240996
0.143400000000002 0.000428964299212224 -0.000197057714407818 20.6895593419561
0.143600000000001 0.000428079831623778 -0.000192592008555035 20.7088743050402
0.143800000000002 0.000424572048654666 -0.000194311143214502 20.7281154255158
0.144000000000002 0.000431605659319337 -0.000199893149058301 20.7472903953364
0.144200000000002 0.000438218182077988 -0.000206467562909124 20.766395062627
0.144400000000002 0.000435247686666235 -0.000207433887131342 20.7854229214785
0.144600000000002 0.000431992284492113 -0.000203889427253973 20.8043810929323
0.144800000000002 0.000434682191382664 -0.000205164771378275 20.8232734589465
0.145000000000001 0.000440046830247958 -0.000214614870215279 20.8420911314339
0.145200000000002 0.000446800623978911 -0.000218711057023271 20.8608175161617
0.145400000000001 0.000447202499295289 -0.000216233374150136 20.8794553105401
0.145600000000002 0.000447160363800878 -0.00020902740208249 20.8980282112828
0.145800000000001 0.000448185647214559 -0.000211785438434301 20.9165483092053
0.146000000000002 0.000453582595553176 -0.000216993232338658 20.9350020537041
0.146200000000002 0.000454827292309854 -0.000221773669327906 20.9533635353867
0.146400000000002 0.0004493685145312 -0.000225299660017345 20.9716305166542
0.146600000000002 0.000454342816134145 -0.00021973784971646 20.9898248590514
0.146800000000002 0.000459233320251362 -0.000224114844697054 21.0079553153144
0.147000000000002 0.000461876274433974 -0.000232264629345496 21.026015159034
0.147200000000001 0.000464827323526631 -0.000234961346703506 21.0439895698049
0.147400000000002 0.000467494460958965 -0.000231689215029024 21.0618728596162
0.147600000000001 0.000465722861210623 -0.000234060533654966 21.0796709910275
0.147800000000002 0.00046670075110402 -0.000239100190591822 21.0973909884067
0.148000000000001 0.000474395754680114 -0.000238142159775203 21.1150363422893
0.148200000000002 0.000473047551861462 -0.00024391416301338 21.1326021770486
0.148400000000002 0.000471365205460745 -0.000249469483730345 21.1500918691824
0.148600000000002 0.000477269263005269 -0.00024764790104936 21.1675066027044
0.148800000000002 0.00047924310783597 -0.000248881266162754 21.1848364363695
0.149000000000002 0.000478144166973048 -0.000251060391665909 21.2020797518651
0.149200000000002 0.0004847334797212 -0.000248176165613803 21.2192474551344
0.149400000000002 0.000486113902063769 -0.000255154390031285 21.2363413959488
0.149600000000002 0.000488309073590247 -0.00026032566040584 21.2533648547374
0.149800000000001 0.000489044793636211 -0.000260121623451798 21.270311831531
0.150000000000002 0.000489561989574903 -0.000260900405694014 21.2871746739935
0.150200000000001 0.000492025344235855 -0.00026523124511338 21.3039462679774
0.150400000000002 0.000496889628250892 -0.00026912945938015 21.3206246444256
0.150600000000002 0.000495579030302533 -0.000271221540167594 21.3372172538286
0.150800000000002 0.000495104598160868 -0.000272254759137651 21.3537409968065
0.151000000000002 0.000503229750566342 -0.000277742603010564 21.3701985719267
0.151200000000002 0.00051370053887936 -0.00028860523331474 21.3865695926978
0.151400000000002 0.000518739388698975 -0.000287951399661033 21.4028375668757
0.151600000000002 0.000508076957924557 -0.000280961374049606 21.4190023673028
0.151800000000002 0.000500141207931906 -0.000273276787875693 21.4350873335973
0.152000000000001 0.000505092360736861 -0.000280919661243281 21.4511064485731
0.152200000000002 0.000514241341302316 -0.000298151961355527 21.4670536989529
0.152400000000001 0.000519378036808125 -0.000301389365209472 21.4829229362626
0.152600000000002 0.000517490781376748 -0.000292565440355426 21.4987112539759
0.152800000000002 0.0005135768479949 -0.000291217034772223 21.5144169288702
0.153000000000002 0.00052211445407573 -0.000293126964967613 21.5300431259397
0.153200000000002 0.000528550365659919 -0.000302454086626842 21.5455765699867
0.153400000000002 0.000533778983249737 -0.000306311077460453 21.5610145753893
0.153600000000002 0.000538663487171617 -0.000306657812552505 21.5763520104156
0.153800000000002 0.000538463853212775 -0.000310608853431393 21.5915863120676
0.154000000000002 0.000537708062190741 -0.000312161178556755 21.6067339526074
0.154200000000002 0.000538358635317851 -0.000311308633065933 21.6218132484099
0.154400000000002 0.000539895534404516 -0.000312318437725103 21.6368309475504
0.154600000000001 0.000543924649226747 -0.000315709438938207 21.6517761660126
0.154800000000002 0.000547788836698533 -0.000321241519674051 21.6666312376124
0.155000000000002 0.000551638815107609 -0.000322260958666667 21.6813973390117
0.155200000000002 0.00055321097593202 -0.000326077080380215 21.6960764324789
0.155400000000002 0.000552102280585174 -0.000332766604795949 21.7106692042042
0.155600000000002 0.000553650825663786 -0.000332228590482871 21.725181143792
0.155800000000002 0.000555390308746339 -0.000332545067148991 21.7396155881975
0.156000000000002 0.00055894796919158 -0.000339660932031974 21.7539722113401
0.156200000000002 0.000568870967569899 -0.000344535529930641 21.7682366209737
0.156400000000002 0.000577663567364107 -0.000345490811821226 21.7823900715289
0.156600000000002 0.000573575974529254 -0.000344816717152782 21.7964340172757
0.156800000000001 0.000570063206256967 -0.000337484084225111 21.8104001101035
0.157000000000002 0.000572166926458177 -0.000339067223633288 21.8243050236136
0.157200000000002 0.000581515872781741 -0.000351342727844808 21.8381440508954
0.157400000000002 0.000587989890928876 -0.000365651742033255 21.8518933789106
0.157600000000002 0.000589901679258854 -0.000366665716059375 21.8655374828289
0.157800000000002 0.0005833848666125 -0.000360952849524457 21.879080340254
0.158000000000002 0.000578044830431916 -0.00035516005297819 21.8925507973935
0.158200000000002 0.000581865370036304 -0.000357822536674757 21.9059734154876
0.158400000000002 0.0005940086353964 -0.000373235869370365 21.9193414038199
0.158600000000001 0.000608067908053037 -0.000391227526684612 21.9326160122257
0.158800000000002 0.000611813979980534 -0.000392829104875513 21.945763644041
0.159000000000001 0.000599445715557884 -0.000384159024457427 21.9587878340824
0.159200000000002 0.00059697825995322 -0.000373794463645078 21.9717278552813
0.159400000000002 0.000605771516912705 -0.000384111196828349 21.9846040707131
0.159600000000002 0.000617349089026392 -0.000394274423960944 21.9974155950036
0.159800000000002 0.000618660183862517 -0.000389976569789809 22.0101522441337
0.160000000000002 0.000613575317813128 -0.000388009841306081 22.0228092048166
0.160200000000002 0.000624532898553887 -0.000395563784699305 22.0353851113924
0.160400000000002 0.000638056431876693 -0.000404877302142 22.0478667481822
0.160600000000002 0.000632437686505946 -0.000404549542225682 22.0602449641733
0.160800000000001 0.000621536145407339 -0.000392247265522327 22.0725436590461
0.161000000000002 0.000625967856048412 -0.000396670228659659 22.0847841070836
0.161200000000001 0.000645783735986724 -0.000419508064197373 22.0969551247952
0.161400000000002 0.000658320629422256 -0.0004279479524212 22.1090276895797
0.161600000000002 0.000645779331169592 -0.00041485669905686 22.1209970775891
0.161800000000002 0.0006322671791423 -0.000404890888766605 22.132895866253
0.162000000000002 0.000649155886921324 -0.000408692623144641 22.1447466049496
0.162200000000002 0.000667557117775963 -0.000429000582342032 22.1565131735817
0.162400000000002 0.000670620051139699 -0.000435454237626538 22.1681682023413
0.162600000000002 0.000665255802033678 -0.000427939172688281 22.1797222444607
0.162800000000002 0.000662633917058072 -0.000430961184316639 22.1912024500447
0.163000000000002 0.000668207032295847 -0.000442486633949465 22.202618793136
0.163200000000002 0.000674522868762243 -0.000444560186890996 22.2139563425969
0.163400000000001 0.000673922258285925 -0.000435920106601054 22.2252078666376
0.163600000000002 0.000676230199062847 -0.000436142858616082 22.2363888798966
0.163800000000001 0.000685088055795457 -0.000446865738712927 22.247512235479
0.164000000000002 0.000691781751537716 -0.000452737759863083 22.2585683645908
0.164200000000002 0.000689226487558178 -0.000455208495223135 22.2695412518232
0.164400000000002 0.000691009073302864 -0.000458460991823604 22.2804302220887
0.164600000000002 0.000700556017540872 -0.000467514667143716 22.2912356480506
0.164800000000002 0.000711017546198957 -0.000477688515359525 22.3019498764302
0.165000000000002 0.000714439830313108 -0.000479853221456926 22.3125791687996
0.165200000000002 0.000713326114929911 -0.00047638193640157 22.3231434757975
0.165400000000002 0.000710815020282606 -0.000471525668671749 22.3336643528476
0.165600000000001 0.000709501710724326 -0.000470789522330647 22.3441589506492
0.165800000000002 0.000713989560989742 -0.000475001784358495 22.3546550056456
0.166000000000001 0.000722911907653307 -0.000483921607395243 22.3651799451135
0.166200000000002 0.000731002844919483 -0.000496062372378532 22.3757321316571
0.166400000000002 0.000737329598602088 -0.000502890343648097 22.3862777054789
0.166600000000002 0.000740528127745563 -0.000496883678050864 22.3967961557218
0.166800000000002 0.000735857353032717 -0.00049118373500825 22.4072973634168
0.167000000000002 0.000741368526254068 -0.000490187741028191 22.4178157037336
0.167200000000002 0.000759870206388539 -0.000506922349123711 22.4283609189614
0.167400000000002 0.000778920036620739 -0.000523778531139989 22.4389071986494
0.167600000000002 0.000775062157669975 -0.000515289577324258 22.4494286230581
0.167800000000002 0.000752424736371405 -0.000494684332567443 22.4599462181065
0.168000000000002 0.000745461997501765 -0.000491092686802436 22.4705120822208
0.168200000000001 0.000768469241192245 -0.000512902762241169 22.4811394382535
0.168400000000002 0.000794859844370409 -0.000541461725493258 22.4917784612678
0.168600000000002 0.000800440345295218 -0.000543400434738673 22.5023823617145
0.168800000000002 0.000784845875784157 -0.000526725919889588 22.5129626648019
0.169000000000002 0.000770619606835925 -0.00051765985737402 22.5235738199308
0.169200000000002 0.000779563045670308 -0.000522733612792156 22.5342395748086
0.169400000000002 0.000798855988276512 -0.000541762960394382 22.5449225994679
0.169600000000002 0.000813270891771021 -0.000558330705790333 22.5555742645956
0.169800000000002 0.000817468346235787 -0.00055790496755967 22.5661926781629
0.170000000000002 0.000810260172341798 -0.000547380359285991 22.5768256863526
0.170200000000002 0.000805631824917267 -0.000546483435478185 22.5875180936053
0.170400000000001 0.000816672153866635 -0.000556139566100157 22.5982626109148
0.170600000000002 0.000831701702145685 -0.000571512770759173 22.6090180982733
0.170800000000002 0.000839483120966015 -0.000573411230126523 22.6197636635681
0.171000000000002 0.000836595371181609 -0.000569783289810875 22.63051618913
0.171200000000002 0.000839251758748836 -0.000575116996477509 22.6412943117766
0.171400000000002 0.000850716216941757 -0.000591728173099809 22.6520845392624
0.171600000000002 0.000856908291143462 -0.000594172338615724 22.6628684713226
0.171800000000002 0.000845983590389019 -0.000578133290925921 22.6736687889247
0.172000000000002 0.000839367604230278 -0.00056575526299503 22.6845405623918
0.172200000000002 0.000859042529821176 -0.00058000266548852 22.6954966738235
0.172400000000002 0.000888967542978338 -0.000611052514519162 22.7064751258961
0.172600000000001 0.000898720838534607 -0.000623098244312786 22.7174102699515
0.172800000000002 0.000882760153815812 -0.000608363654685541 22.7283075869213
0.173000000000002 0.000867775562730868 -0.000588929451538379 22.7392443050469
0.173200000000002 0.000875457095444787 -0.000597790355050137 22.7502712849882
0.173400000000002 0.000901577020397228 -0.000623103145007115 22.7613683321681
0.173600000000002 0.000918409248650402 -0.000637201936524327 22.7724712665409
0.173800000000002 0.000915025069398204 -0.000630872046522405 22.7835570470341
0.174000000000002 0.000905097557924177 -0.000621290876351627 22.7946609490616
0.174200000000002 0.000909050336657026 -0.000624268700022195 22.8058180074058
0.174400000000002 0.000924892382042991 -0.000639774480940176 22.8170219576181
0.174600000000002 0.0009415272852077 -0.000653787069466087 22.8282409830055
0.174800000000001 0.000946102573541743 -0.000654105650648312 22.8394594836369
0.175000000000002 0.000941051828920144 -0.000645445031381303 22.8506881622515
0.175200000000002 0.000939090846731166 -0.000640618358452339 22.8619577727622
0.175400000000002 0.000949218944018546 -0.00065003041821601 22.873293953761
0.175600000000002 0.000967042742112104 -0.00066871795812757 22.8846933917474
0.175800000000002 0.00097866506979119 -0.000684643615579074 22.8961318404829
0.176000000000002 0.000980393532688491 -0.000684770459122504 22.907592229254
0.176200000000002 0.000974514260690307 -0.000674927224218608 22.9190769246018
0.176400000000002 0.0009683386955839 -0.000671660899224297 22.9305991337492
0.176600000000002 0.000974871875053205 -0.00068142736256454 22.9421672730667
0.176800000000002 0.00100107856203073 -0.00069803904582752 22.9537819416527
0.177000000000001 0.00102573151594519 -0.00071563029961312 22.965422328786
0.177200000000002 0.00102818730226803 -0.000714139536493587 22.9770665144887
0.177400000000002 0.00101565941747377 -0.000694573932458903 22.988723909643
0.177600000000002 0.00101142856654345 -0.000688443272126589 23.0004382287272
0.177800000000002 0.00103123298660212 -0.000710036156612854 23.0122405365508
0.178000000000002 0.00106509180338162 -0.00074036510971447 23.0240944116517
0.178200000000002 0.00109005495388471 -0.00076308293175461 23.0359373188503
0.178400000000002 0.00110353291150661 -0.000774546779505192 23.0477386424721
0.178600000000002 0.00111390639590067 -0.000781677182002977 23.059490953844
0.178800000000002 0.0011272285791596 -0.000785419037476538 23.0711987860927
0.179000000000002 0.00114375471943213 -0.000799018188485437 23.0828665270332
0.179200000000001 0.00117208409633585 -0.000819660908895748 23.094494619479
0.179400000000002 0.00119207891736453 -0.000832698336087016 23.1060783694303
0.179600000000002 0.00119249376624552 -0.000836447418625257 23.1176232564933
0.179800000000002 0.00120325267277872 -0.000843940965714908 23.1291547787305
0.180000000000002 0.0012408139117183 -0.000870358245126828 23.1406805857992
0.180200000000002 0.00128039828706609 -0.000901653672233283 23.1521662875747
0.180400000000002 0.00130399869564047 -0.000923479838775576 23.1635742668685
0.180600000000002 0.00132233763408527 -0.000940039758445564 23.1748970052552
0.180800000000002 0.00134544460068364 -0.000952349093456586 23.1861438951972
0.181000000000002 0.00136154311241272 -0.000962225672081635 23.1973266397023
0.181200000000002 0.00137899556333759 -0.000982050524389895 23.2084657451838
0.181400000000002 0.00141895103945986 -0.0010092416660045 23.2195781606123
0.181600000000002 0.00145938641203767 -0.00103828291180064 23.2306629764701
0.181800000000002 0.00150373325059685 -0.00107293965117155 23.2416925877319
0.182000000000002 0.00156171202757262 -0.0011159739167551 23.252596506553
0.182200000000002 0.00160448020910996 -0.00114964472857942 23.2633041675589
0.182400000000002 0.00161902867125779 -0.00115255619119272 23.273854551369
0.182600000000002 0.00162428265736582 -0.00115109680358537 23.2843556483561
0.182800000000002 0.00164899583088415 -0.00117983864276269 23.2948587627492
0.183000000000002 0.00171539301533455 -0.0012334955476788 23.3053391255227
0.183200000000002 0.00181234719007544 -0.00130567088437096 23.3157273928754
0.183400000000002 0.0018932388092967 -0.00137430626456816 23.3259267443907
0.183600000000002 0.00192490380634697 -0.00140286689211428 23.335882930791
0.183800000000002 0.00193404749960063 -0.00139192943689381 23.3456597651078
0.184000000000002 0.00196934651883654 -0.00140861117926012 23.3553561732784
0.184200000000002 0.00207007578702321 -0.00150144341795472 23.3649691286765
0.184400000000002 0.00219760526179572 -0.00160974043270908 23.3743850815503
0.184600000000002 0.00226593133866232 -0.00165232256789286 23.3835239096776
0.184800000000002 0.00227741215993595 -0.00164987486407597 23.3924342915482
0.185000000000002 0.0023297774291206 -0.00168584310642848 23.4012328433144
0.185200000000002 0.00245710701794187 -0.00179682547367112 23.4099269016644
0.185400000000002 0.00260846062627607 -0.0019219994635086 23.4183339117645
0.185600000000002 0.00276374083825121 -0.00205220795729875 23.4262660017583
0.185800000000002 0.00288807294569947 -0.00214298775463255 23.4336155816316
0.186000000000002 0.00301390257798479 -0.0022476829486882 23.4403798745815
0.186200000000002 0.00309935749371554 -0.00232790173134509 23.4465882006663
0.186400000000002 0.00324437784514294 -0.00237291102806786 23.4523391376739
0.186600000000002 0.00337778057106583 -0.00250788979565961 23.4576813568096
0.186800000000002 0.00353929532932054 -0.00263659832189248 23.4625737584873
0.187000000000002 0.00372797615025872 -0.00274752357347951 23.466906110287
0.187200000000002 0.00388562739226497 -0.00288875413177014 23.4706358422519
0.187400000000002 0.00405703272137892 -0.00302190488258154 23.4737903016532
0.187600000000002 0.00426485582756956 -0.00317336704677376 23.476326146755
0.187800000000002 0.00446808790499573 -0.00334364789148144 23.4781495413442
0.188000000000002 0.00470520058759093 -0.00352517389288984 23.4791581003521
0.188200000000002 0.00498545259648072 -0.00372221198109898 23.4792224807955
0.188400000000001 0.00523692037651272 -0.00391995699986772 23.4782928945364
0.188600000000002 0.00549936856616475 -0.00412116314883555 23.4763388650707
0.188800000000002 0.00584434357361091 -0.00437444833380638 23.4732726781133
0.189000000000002 0.0062001900097506 -0.0046434301817549 23.4690008062141
0.189200000000002 0.00663143399522382 -0.00499111842574939 23.4633851098488
0.189400000000002 0.00715186804524453 -0.00537958406145944 23.4561832660055
0.189600000000002 0.00771191555901046 -0.00581776836341428 23.4471564910769
0.189800000000002 0.00837020964254714 -0.00629696612919725 23.4361265231429
0.190000000000002 0.00911574837535812 -0.00685459082460942 23.4229433901854
0.190200000000002 0.0100568135002103 -0.00763348531408697 23.4073138346825
0.190400000000002 0.0112753512847747 -0.00846112269235806 23.3888500207421
0.190600000000001 0.0126596073948168 -0.0095848956310636 23.36703755704
0.190800000000002 0.0144876560367899 -0.0109201630233049 23.3413044938954
0.191000000000002 0.0167390549278568 -0.0126270156668238 23.3109586267243
0.191200000000002 0.0197786197477269 -0.0148967979105395 23.2750803626546
0.191400000000002 0.0238664303056657 -0.0178102327591805 23.232500694585
0.191600000000002 0.0295893485262921 -0.0220974281429814 23.1815524076275
0.191800000000002 0.0394672298895758 -0.0288505493849011 23.1191119585035
0.192000000000002 0.065001091475936 -0.0441402711626884 23.0362434590409
0.192200000000002 0.181018962626478 -0.104154846453599 22.891782190152
0.192400000000002 0.745395457482179 -0.372690020696587 22.5092966135439
0.192600000000002 2.75288297171746 -1.07058078654893 21.32034734725
0.192800000000001 3.87648555147799 -1.03742698031774 18.7895958324542
0.193000000000002 2.82028967120117 -2.20186173902517 18.6203643985817
0.193200000000002 2.82967598865647 -2.29300546546448 18.7132888198114
0.193400000000002 1.93763254106966 -0.936703619416265 17.6116872971532
0.193600000000002 2.3538074764646 -1.26608836015072 16.160392832295
0.193800000000002 2.46370270067791 -1.11165806442618 14.4728523385134
0.194000000000002 2.16631253648084 -0.804580485942933 12.6454834768783
0.194200000000002 2.03192917612114 -0.847548046261292 10.8973189721258
0.194400000000002 1.7051852092769 -0.741794717320029 9.40835017200595
0.194600000000002 1.40325879112665 -0.697289137739882 8.18823175465607
0.194800000000002 1.11499691416172 -0.590724208436199 7.20206363319317
0.195000000000002 0.846681491642459 -0.492866611240477 6.42346839823689
0.195200000000002 0.657613521263981 -0.397865149195045 5.78201820083569
0.195400000000002 0.512372162960771 -0.313129021251622 5.26143136204074
0.195600000000002 0.392729691693134 -0.249889708396825 4.82822289877143
0.195800000000002 0.281834444179387 -0.176949703636048 4.48493802321343
0.196000000000002 0.198076922478982 -0.117974635011141 4.16286416641014
0.196200000000002 0.151413568031295 -0.0887458402122677 3.89413985143451
0.196400000000002 0.0872863037324065 -0.0519856533254226 3.62827458244581
0.196600000000002 0.0750773341459666 -0.0430176344845794 3.45649557865815
0.196800000000002 0.0511360120520324 -0.0142184558629454 3.27713620199374
0.197000000000002 0.0385464789962487 -0.0267106352151044 3.13895931905481
0.197200000000002 0.0378340303200227 -0.000592649062606596 3.00081921345635
0.197400000000002 0.00875394611066053 -0.0101626349902587 2.89733995320399
0.197600000000002 0.0355188658998379 -0.0264243260977243 2.79259637565678
0.197800000000002 0.00905917743323783 0.00386393021183602 2.67930571412415
0.198000000000002 0.0108125134403909 -0.0137693591296982 2.56829530743474
0.198200000000002 0.0249549194780705 -0.0136043852553933 2.50377110905091
0.198400000000002 0.00410267996427403 -0.00417995296545369 2.42335966863082
0.198600000000002 0.0187287699754358 0.00421477617490811 2.36307151031595
0.198800000000002 -0.00321660037470115 -0.0215093618556126 2.27359146927647
0.199000000000002 0.0311295875066744 0.0189881287902117 2.2622885342204
0.199200000000002 0.00347630274091431 0.00608342246188422 2.17650453985681
0.199400000000002 0.0111405449499632 -0.00634006539472404 2.08614223278842
0.199600000000002 0.0024628312162165 -0.00641652189619647 2.01797411792778
0.199800000000002 -0.008620503393686 -0.00348302822669993 1.98818909764295
0.200000000000002 0.0218114824719653 -0.0105831770104992 1.96973030697317
