# Fix print output for fix def1
1.25579640471675e-15 -0.166933352194602 -0.751397895824071 0.0551571669377652
0.000200000000001419 0.297242295726642 0.00947931107405445 0.55664409191877
0.000400000000001404 -0.0309311300848762 -0.0705394972298017 0.40732787710792
0.000600000000001388 0.0121210377481076 0.0506287224867491 0.490477748998352
0.000800000000001372 -0.0245155879614507 -0.00627987346014379 0.476295849911989
0.00100000000000136 0.0211128235938629 0.00772696444283383 0.523407287840439
0.00120000000000134 -0.00106994641060396 -0.0141799228415221 0.527926087136831
0.00140000000000132 0.00634047797668747 0.0108291766228933 0.561878722158896
0.00160000000000131 -0.00895211177447784 -0.000409746711554988 0.57324537229404
0.00180000000000129 0.00656717075443845 0.00513437073167495 0.604137392931131
0.00200000000000128 0.000308049720766805 -0.00658959063874383 0.619438115212613
0.00220000000000126 0.00473586341219331 0.0038540417712971 0.647123223014361
0.00240000000000143 -0.00458769091657888 7.81678660402157e-06 0.663826585429844
0.00260000000000141 0.00248698703022258 0.00408117298840139 0.690550052949034
0.00280000000000139 0.00012404669413597 -0.00346731855636151 0.709147951543177
0.00300000000000138 0.00382201063519213 0.00138742066388859 0.734686240261757
0.00320000000000136 -0.0022581529044325 -0.000250787575161968 0.753705825728297
0.00340000000000135 0.000887657383569636 0.00326656916587258 0.778592687995091
0.00360000000000133 -0.00026922939830713 -0.00155492586818065 0.798779134285653
0.00380000000000132 0.00296433881939746 0.000418833397550461 0.823235775214227
0.0040000000000013 -0.000714048847221645 -0.000567289625185663 0.843660879038468
0.00420000000000128 0.000331106053370026 0.00239776102616493 0.867534065561992
0.00440000000000127 -0.000551199359567352 -0.000277607291070941 0.888689013593157
0.00460000000000143 0.00204491786851792 0.00018084694393562 0.912463018256861
0.00480000000000142 0.000272308372570401 -0.000713189141854878 0.933880750845308
0.0050000000000014 0.00029992434904616 0.00147862581483302 0.957152991086334
0.00520000000000138 -0.000584495453672648 0.000467164057708861 0.978983908365813
0.00540000000000137 0.00114437926813566 0.000290501987478138 1.00227751535253
0.00560000000000135 0.000766848467408074 -0.000593655147739968 1.0244353633571
0.00580000000000134 0.000481046653054922 0.000650981579160086 1.04736857380029
0.00600000000000132 -0.000347221601671875 0.000750275205449221 1.06971407894373
0.00620000000000131 0.000410522806808209 0.000472447316201496 1.09266579710935
0.00640000000000129 0.000852718447355685 -0.000250357729639156 1.11536257328244
0.00660000000000127 0.000633433454767043 6.00890704470005e-05 1.13813964218613
0.00680000000000144 6.76580971683461e-05 0.00069892080603727 1.16090431949035
0.00700000000000142 -2.05749938361056e-05 0.000549013976436109 1.18365362479503
0.00720000000000141 0.000702942541292806 0.000190709169548787 1.20672571619663
0.00740000000000139 0.000623505997666311 -0.000213153494826667 1.22946293297431
0.00760000000000137 0.000487989008207912 0.000498973405236161 1.25257114218086
0.00780000000000136 -0.000134195810466654 0.000452917001659846 1.27525310975338
0.00800000000000134 0.00050436161762064 0.00055708828566594 1.2985739831802
0.00820000000000133 0.000457218869433499 -0.00020270446003429 1.3213484685634
0.00840000000000131 0.000770713225985458 0.0003342282983958 1.34473222268743
0.0086000000000013 -2.43071927879554e-05 0.000239845426149063 1.36745998018388
0.00880000000000128 0.000397153295540467 0.000733948221481667 1.39094567549396
0.00900000000000144 0.000234941090497087 -3.5840522951926e-05 1.4138043731499
0.00920000000000143 0.000844867922456405 0.000293651231485555 1.43738824286735
0.00940000000000141 0.000163969822030644 2.97905693275434e-05 1.46024956499589
0.0096000000000014 0.000420676537738146 0.000707646050443719 1.4838554574991
0.00980000000000138 7.10086350533016e-05 0.000137728138394706 1.50683216171352
0.0100000000000014 0.000746131863738853 0.000366852719046882 1.53054584487662
0.0102000000000013 0.000302608415172918 -7.28191025417471e-05 1.5535908157282
0.0104000000000013 0.00052317430956609 0.000555827285810094 1.57729724375149
0.0106000000000013 3.71423029395351e-05 0.000217803446258932 1.60042241526833
0.0108000000000013 0.000577369939835578 0.000468050089233254 1.62421487115828
0.0110000000000013 0.000333526125524582 -3.82769841239818e-05 1.64746010520958
0.0112000000000015 0.00060634524591828 0.000393980570834952 1.67125792622046
0.0114000000000014 0.000127177302558738 0.000202699586002651 1.69456420213949
0.0116000000000014 0.000448174289449992 0.000511213259603056 1.71840837089746
0.0118000000000014 0.000290372980750133 8.41264956321988e-05 1.74184715255565
0.0120000000000014 0.000606494634572399 0.000306263682336069 1.76572695620482
0.0122000000000014 0.000266327937216283 0.000153796247966725 1.78923558742562
0.0124000000000014 0.000405451469899382 0.000463531350598595 1.81312864265006
0.0126000000000013 0.000247654639474298 0.00020639683486144 1.8367482851459
0.0128000000000013 0.000526853910996451 0.000296290590108695 1.8606969442879
0.0130000000000013 0.00036318189132056 0.000129162207162718 1.88440487847786
0.0132000000000013 0.000422796266777629 0.000361005614202828 1.90836445968432
0.0134000000000015 0.000259420892969392 0.000273064626504394 1.93216131968575
0.0136000000000014 0.000425165365195262 0.000322804872332999 1.95617486032151
0.0138000000000014 0.000393058007451047 0.000167241568188755 1.9800687387943
0.0140000000000014 0.000445336852628705 0.000266895626151681 2.00410694539484
0.0142000000000014 0.000320487131634725 0.000269876722435656 2.02807082508896
0.0144000000000014 0.000356987885980567 0.000325343268575054 2.05215251486315
0.0146000000000014 0.000376109536970509 0.000239104217997167 2.07621414641832
0.0148000000000013 0.00043099521768994 0.000226799640684787 2.10034273045971
0.0150000000000013 0.000390383919618256 0.000245593794747143 2.12446858135167
0.0152000000000013 0.00034522117340536 0.000288397950196711 2.14863021718096
0.0154000000000013 0.000358751226095681 0.000290898416434897 2.17283702269459
0.0156000000000015 0.000384613181285018 0.000232811221636682 2.19706059245284
0.0158000000000014 0.000425029882611059 0.000241540317139913 2.22133939985806
0.0160000000000014 0.000365701488831587 0.000239404555880209 2.24560125455058
0.0162000000000014 0.000370521242439548 0.000300211245198895 2.26993854995619
0.0164000000000014 0.000340410579564208 0.000245423255089798 2.29425612201559
0.0166000000000014 0.000412283020308453 0.000257340248444738 2.31866847636071
0.0168000000000014 0.000377800752748715 0.000210086948986908 2.3430467330771
0.0170000000000014 0.00040091280680218 0.00028114489659744 2.36751145516133
0.0172000000000013 0.000330041685760859 0.000244314645052349 2.3919326173415
0.0174000000000013 0.000392037593391321 0.000281953575472161 2.41646405784164
0.0176000000000013 0.000368741922835231 0.000212563566591216 2.44095491831783
0.0178000000000015 0.000415958551369709 0.000258792915255723 2.4655381814663
0.0180000000000015 0.000347842478489952 0.000228090147195093 2.49007756818065
0.0182000000000014 0.000385894763385876 0.000287239559128885 2.51471733399021
0.0184000000000014 0.000350643511028031 0.000228116641915285 2.53931934953728
0.0186000000000014 0.000410530657792975 0.000256987003314678 2.56401650588164
0.0188000000000014 0.000366955907755353 0.000215023046958905 2.58867598016159
0.0190000000000014 0.000389336212442056 0.000266520956373032 2.61341774156053
0.0192000000000014 0.00034741280496782 0.000236591305768229 2.63813710521921
0.0194000000000013 0.000391891745354075 0.000263108790288843 2.66293938688017
0.0196000000000013 0.000371700287505252 0.000219788455250118 2.68772039587059
0.0198000000000013 0.000396238086968178 0.000248527073273983 2.71256651212896
0.0200000000000013 0.000359449700557405 0.000231562958334921 2.73740017877514
0.0202000000000015 0.00037624296359736 0.00025603822908397 2.76229789945927
0.0204000000000014 0.0003632460976268 0.000227664988511245 2.78719612172498
0.0206000000000014 0.000392070868795655 0.000239914386949865 2.81215082603379
0.0208000000000014 0.000378102379911753 0.00022902180607343 2.83710583531312
0.0210000000000014 0.000380419896422476 0.000246985530583555 2.86210222963798
0.0212000000000014 0.000364789609378368 0.000237244395186606 2.88711113452958
0.0214000000000014 0.000378072775268516 0.000239016892734211 2.91216318581504
0.0216000000000013 0.000380173825934211 0.000227800325776565 2.93723241001648
0.0218000000000013 0.000382171436707547 0.000231747013752784 2.96233314803647
0.0220000000000013 0.000374802595980961 0.00023610953595912 2.98745709396227
0.0222000000000013 0.00036954696701501 0.000235715334474038 3.01260480123446
0.0224000000000013 0.000372031527371053 0.000229203806045011 3.03778066120608
0.0226000000000014 0.000379197431789781 0.000225946380098336 3.06298740840909
0.0228000000000014 0.000384190637486601 0.000231705747965145 3.08822124172792
0.0230000000000014 0.000369406221411379 0.000225841509232705 3.11346823803337
0.0232000000000014 0.00037351947216159 0.000233611177831549 3.13875260149563
0.0234000000000014 0.000372637187730583 0.000226260121166922 3.16405693063186
0.0236000000000014 0.000381324076257976 0.000227210780538501 3.18939325600746
0.0238000000000014 0.000374249618091065 0.00021833677084861 3.21474566883655
0.0240000000000013 0.000379131143330604 0.000229081697159715 3.24013386864418
0.0242000000000013 0.000368864578433404 0.000222088190696247 3.26553508611504
0.0244000000000013 0.000378728106945705 0.000228402432789648 3.29097411342067
0.0246000000000013 0.000373285242642412 0.000217068417272524 3.31642772968547
0.0248000000000015 0.000380688526043758 0.000223472278579008 3.34191535923104
0.0250000000000014 0.000370855388207403 0.00021615597048383 3.36741612033725
0.0252000000000014 0.000376515753011301 0.000223328366603499 3.39295218709721
0.0254000000000014 0.000372021673467571 0.00021651742691849 3.41850526720887
0.0256000000000014 0.000380883543315012 0.000222064915067518 3.44409101535992
0.0258000000000014 0.00037426494944863 0.000213757785775757 3.469690434371
0.0260000000000014 0.000377305980618134 0.000217793980690188 3.49532078308187
0.0262000000000013 0.000373166297829283 0.000213348804600633 3.5209692851424
0.0264000000000013 0.00037914023929596 0.000217251744361997 3.54664866374896
0.0266000000000013 0.000374853390685194 0.000211546771560555 3.57234553121076
0.0268000000000013 0.000376398606937023 0.000212946071372504 3.5980690051186
0.0270000000000015 0.000374759252784416 0.000210243490383349 3.62381323893416
0.0272000000000014 0.000380208738101354 0.000215845469532654 3.64958651399878
0.0274000000000014 0.000373927345318874 0.000208559413999849 3.67537407831653
0.0276000000000014 0.000376757387901613 0.000207438466313748 3.70118950371205
0.0278000000000014 0.000378844513706148 0.000207463844702619 3.72702849588786
0.0280000000000014 0.000377294810593602 0.000208449180757133 3.75288862856587
0.0282000000000014 0.000375369057581307 0.000206767590209254 3.77876991881119
0.0284000000000014 0.000375801724533943 0.000205175001785332 3.80467484484043
0.0286000000000013 0.000376617209199467 0.000203777103650363 3.83060238297192
0.0288000000000013 0.000379178296535768 0.000205011468267644 3.856552737255
0.0290000000000013 0.000378570522453629 0.000203419012069705 3.88252364890494
0.0292000000000015 0.000376154684986405 0.000201052151134223 3.9085157504988
0.0294000000000015 0.000378858200713022 0.000202972404517094 3.93453176697007
0.0296000000000014 0.000378450489706996 0.0002000805881204 3.96056741840192
0.0298000000000014 0.000378740206617418 0.000198906287065418 3.98662545989564
0.0300000000000014 0.000377186301307862 0.000197285467168938 4.01270417250069
0.0302000000000014 0.000379530321115044 0.000198501035021168 4.03880663818322
0.0304000000000014 0.000378981717692838 0.000196751804070554 4.06492833706188
0.0306000000000014 0.000377891788494 0.000195527450933264 4.09107140406201
0.0308000000000013 0.000376314302579195 0.000193401267531015 4.11723475870618
0.0310000000000013 0.000380378369819905 0.000194547641661435 4.14342202489897
0.0312000000000013 0.000379270016865796 0.000191904412425123 4.16962674687689
0.0314000000000015 0.000378932609370525 0.000190609862820273 4.19585241533107
0.0316000000000015 0.000378548466879184 0.000189813856840409 4.22209878847381
0.0318000000000014 0.000379065644636374 0.000191002766024613 4.2483673090099
0.0320000000000014 0.000380990864600115 0.000191133998975484 4.27465654196706
0.0322000000000014 0.00038357570907865 0.000189090096084529 4.30096387744029
0.0324000000000014 0.000379880647044991 0.000184929721885969 4.32728820630897
0.0326000000000014 0.000377479323431934 0.000184548130824786 4.35363461706865
0.0328000000000014 0.000378623265148207 0.000183868309011042 4.38000289730669
0.0330000000000013 0.000383628629186647 0.000186354473289672 4.40639321613315
0.0332000000000013 0.000380234672975201 0.000182274041022812 4.43279743922525
0.0334000000000013 0.00037975989909265 0.000179417618941854 4.45922215925403
0.0336000000000015 0.000381638205211236 0.000179028896685362 4.48566684324364
0.0338000000000015 0.000379379072648847 0.000177407028793047 4.51212959634613
0.0340000000000014 0.000380007862890528 0.000177911066159639 4.5386142222549
0.0342000000000014 0.000384093770345662 0.000179249432935742 4.56511933689822
0.0344000000000014 0.000384780472849495 0.000177610811344115 4.59163963306538
0.0346000000000014 0.000382970389835128 0.000174334387356452 4.61817615251744
0.0348000000000014 0.000380108951292356 0.000170486465354264 4.64473119800622
0.0350000000000014 0.000380885177326937 0.000170575206232388 4.6713076558749
0.0352000000000014 0.000386508290500038 0.000174805954241937 4.69790612620236
0.0354000000000013 0.000386499940881714 0.000172022724321337 4.7245180013834
0.0356000000000013 0.00038417355453877 0.000167778191028146 4.75114580929005
0.0358000000000015 0.000385006406292134 0.000168260357855428 4.7777944106364
0.0360000000000015 0.00038693708748156 0.000169291214955751 4.80446152279492
0.0362000000000015 0.000386614743759522 0.000166829645295684 4.83114434063986
0.0364000000000014 0.000385133320899175 0.000164049340310082 4.85784329828676
0.0366000000000014 0.000387552716471671 0.000165083127929751 4.88456202384307
0.0368000000000014 0.000387911360777634 0.000162884341530028 4.91129620114091
0.0370000000000014 0.000387025965158099 0.000161548862176548 4.93804733641874
0.0372000000000014 0.000389115853644237 0.000161815849109443 4.96481709326916
0.0374000000000014 0.000389251693267924 0.000159030239565389 4.99160055886327
0.0376000000000013 0.000386458456610889 0.000155909453867362 5.0183998561606
0.0378000000000013 0.000391035636173812 0.000159387847600318 5.04522160867598
0.0380000000000015 0.000392719690936647 0.000158602438595707 5.07205652667662
0.0382000000000015 0.000390420685453249 0.000155442671544711 5.09890322696249
0.0384000000000015 0.000387416192809265 0.000152122868162167 5.1257661918059
0.0386000000000014 0.000391263831153606 0.000153128867530186 5.15264959943849
0.0388000000000014 0.000391850087760978 0.000150966888186756 5.17954642302171
0.0390000000000014 0.000391846460689585 0.000150422913784949 5.20645888831938
0.0392000000000014 0.000394637440771227 0.000151877415702614 5.23338800405763
0.0394000000000014 0.000390982740947797 0.000146956482954543 5.26032731186871
0.0396000000000014 0.000391295195513899 0.000144906092519143 5.28728396315795
0.0398000000000013 0.000395507130569336 0.000146540443788182 5.31425893010128
0.0400000000000013 0.000395712487097024 0.000144421302504487 5.34124737833321
0.0402000000000015 0.000396899792243918 0.000144814272062539 5.36825086454721
0.0404000000000015 0.000395740819876943 0.000143160953873242 5.39526689552732
0.0406000000000015 0.000395598735953939 0.000140845399285905 5.42229692681242
0.0408000000000015 0.000393562645654112 0.000135701475289157 5.44934031137393
0.0410000000000014 0.000398370317041624 0.000137655272322387 5.47640377044287
0.0412000000000014 0.000402462598843547 0.000139866556450073 5.50348113841753
0.0414000000000014 0.000400784174532705 0.000137979588057188 5.53056761770268
0.0416000000000014 0.000395952841686727 0.000132457306061905 5.55766499131909
0.0418000000000014 0.000400197743212733 0.00013418389845469 5.5847820753357
0.0420000000000014 0.000401469742022271 0.000131435699450662 5.61190963611402
0.0422000000000013 0.000401560868213446 0.000130179064885076 5.63905068890079
0.0424000000000015 0.000403392683261496 0.000129514773455941 5.66620563192169
0.0426000000000013 0.000404937541838965 0.000128516037156928 5.69337164593416
0.0428000000000015 0.000403889001927346 0.000125245453806018 5.72054937910084
0.0430000000000015 0.000405367441284729 0.000125421960759646 5.74774283283311
0.0432000000000014 0.000408244222715438 0.000126754774625063 5.77494811149836
0.0434000000000014 0.000405023900350043 0.000120770461465623 5.80216013541154
0.0436000000000014 0.000405490081889313 0.000118498808603468 5.82938818046018
0.0438000000000014 0.000410557499251202 0.000121268543020348 5.85663165043153
0.0440000000000014 0.00041070857479609 0.000120323045987514 5.8838823827079
0.0442000000000014 0.000409785524084264 0.000117213767689718 5.91114367548863
0.0444000000000013 0.000411018548033722 0.000114141374494289 5.93841724168045
0.0446000000000015 0.000413116914416009 0.000113686804996753 5.96570295418495
0.0448000000000013 0.000411594467960869 0.000110175904724581 5.99299734015858
0.0450000000000015 0.000415118746369262 0.000112605075625286 6.02030651729698
0.0452000000000015 0.000414921752376483 0.000111233809355624 6.04762345853834
0.0454000000000014 0.000414316963422036 0.000107526065799231 6.07494930925998
0.0456000000000014 0.000419085943080824 0.000107391870970603 6.10228872320516
0.0458000000000014 0.000418922772410293 0.000103575042258068 6.12963526208889
0.0460000000000014 0.00041871816951935 0.000101899270412522 6.15699245818628
0.0462000000000014 0.000420354606853783 0.000102970855142719 6.18436105577108
0.0464000000000014 0.000419500433323791 0.000100304510211969 6.21173691258033
0.0466000000000014 0.000421326226934084 9.72853500109174e-05 6.23912222439534
0.0468000000000015 0.000424757478299583 9.56897100897444e-05 6.26651831431954
0.0470000000000013 0.000425729011462644 9.46648132648803e-05 6.29392319304608
0.0472000000000015 0.000423872902920518 9.23420278886264e-05 6.32133398619462
0.0474000000000015 0.000425107738394638 9.21370980551843e-05 6.34875619487015
0.0476000000000015 0.000429231290417038 9.20530308735678e-05 6.37618748830597
0.0478000000000014 0.000427563844429164 8.51962257269777e-05 6.40362203137612
0.0480000000000014 0.000433010924196876 8.68565607419287e-05 6.43107026035418
0.0482000000000014 0.000432905898514903 8.57918778287979e-05 6.45852431933893
0.0484000000000014 0.00043042621624739 8.22855980896274e-05 6.4859835616062
0.0486000000000014 0.000431171448272935 7.79919061535102e-05 6.51345204252139
0.0488000000000014 0.000438498085998388 8.1046872519535e-05 6.54093355857767
0.0490000000000015 0.000436504192925438 7.77839398121475e-05 6.56841691939351
0.0492000000000013 0.000437378549112466 7.52898428814844e-05 6.59590783621173
0.0494000000000015 0.000441675499730619 7.41505236640701e-05 6.62340807178946
0.0496000000000015 0.000440611203161938 7.00057306393481e-05 6.65091189964155
0.0498000000000015 0.000440977131448625 6.85581058116532e-05 6.67842376883749
0.0500000000000014 0.000445440306998695 6.93863509636587e-05 6.70594395883777
0.0502000000000014 0.000446661638378532 6.68013883877958e-05 6.73346841095522
0.0504000000000014 0.00044725155761234 6.38117944144263e-05 6.76099768532013
0.0506000000000014 0.000451314873033363 6.32954258791452e-05 6.78853459358286
0.0508000000000014 0.000452650328991838 6.1547003091311e-05 6.81607560881298
0.0510000000000014 0.000451347854290076 5.78215451091857e-05 6.84362026759569
0.0512000000000015 0.000456631108526327 5.97899073708628e-05 6.87117377085948
0.0514000000000013 0.000456512437996591 5.52090299988598e-05 6.89872818141868
0.0516000000000015 0.000458111321737292 5.21595362264384e-05 6.92628731367609
0.0518000000000015 0.000457682794971873 4.73300784088666e-05 6.95384931357142
0.0520000000000015 0.000460187244749642 4.67428526402139e-05 6.98141869118284
0.0522000000000015 0.000463367038372521 4.82409870544484e-05 7.00899308025082
0.0524000000000014 0.000466210228947252 4.56828070621766e-05 7.03656860972002
0.0526000000000014 0.000469683960025892 4.30289854187019e-05 7.06414739970638
0.0528000000000014 0.000469620916933063 3.95659269548189e-05 7.09172680215119
0.0530000000000014 0.000466868445956756 3.30674876919613e-05 7.11930688471473
0.0532000000000014 0.000472480122685173 3.51002078711114e-05 7.14689597494854
0.0534000000000015 0.00047655095030342 3.53717638700291e-05 7.17448656852451
0.0536000000000013 0.000479669186264385 3.27725907857699e-05 7.20207601216248
0.0538000000000015 0.000478658081593929 2.4765215211604e-05 7.22966343095093
0.0540000000000015 0.000480727941179179 2.44189014706869e-05 7.25725598660777
0.0542000000000015 0.000480771130321617 2.20458534567749e-05 7.28484880662242
0.0544000000000015 0.00048817950867703 2.27608423254006e-05 7.31244582277551
0.0546000000000014 0.00049019566209617 1.84237518040145e-05 7.34003934993681
0.0548000000000014 0.000490026703779561 1.45714623150924e-05 7.36763162978395
0.0550000000000014 0.000491710598562714 1.22233492642404e-05 7.39522519919559
0.0552000000000014 0.000497163206288189 1.05839523512225e-05 7.42281981695998
0.0554000000000014 0.000498095089269691 5.9796294379296e-06 7.45041050893898
0.0556000000000015 0.000500575562078069 3.66894120097138e-06 7.47800149647082
0.0558000000000013 0.000506223433722585 2.80605442232895e-06 7.50559259840098
0.0560000000000015 0.000505953745764492 -1.54683279723206e-06 7.53317894932382
0.0562000000000015 0.000510986218735435 -2.33055757720121e-06 7.56076591365324
0.0564000000000015 0.000513789705239816 -5.57205742799713e-06 7.58834889440087
0.0566000000000015 0.000514068083608173 -1.03055161311136e-05 7.61592788791226
0.0568000000000014 0.000516181548310119 -1.36208643920685e-05 7.64350565223769
0.0570000000000014 0.000522847521963288 -1.38335967546287e-05 7.67108330307654
0.0572000000000014 0.000523331558410135 -1.88410683105824e-05 7.69865380944
0.0574000000000014 0.000529199415025465 -1.90408193230087e-05 7.72622389589756
0.0576000000000014 0.000531477377255338 -2.46538052941296e-05 7.7537859571951
0.0578000000000014 0.000530555364279544 -3.10857752199477e-05 7.78134258236401
0.0580000000000013 0.000538278716430306 -2.87658610224419e-05 7.80890105237315
0.0582000000000015 0.000541619605113803 -3.3321470157773e-05 7.83645007578128
0.0584000000000015 0.000546672743819189 -3.52436137408326e-05 7.8639945989784
0.0586000000000015 0.000547151055072029 -4.13679565349735e-05 7.89152957159685
0.0588000000000015 0.000549959876992125 -4.66610829167526e-05 7.9190591606307
0.0590000000000015 0.000554181700447221 -5.09879845082069e-05 7.94658375941212
0.0592000000000014 0.000561121161016973 -4.88347854943237e-05 7.97410472396085
0.0594000000000014 0.000565625179447832 -5.11158660580835e-05 8.00161526655189
0.0596000000000014 0.000566271214424968 -5.93312982624257e-05 8.02911292758495
0.0598000000000014 0.000566659319492562 -6.60178387794607e-05 8.05660278560039
0.0600000000000016 0.000574156068784832 -6.66424631403801e-05 8.08408961411011
0.0602000000000014 0.000581865335211959 -6.87845103453152e-05 8.11156665264667
0.0604000000000015 0.000585852825693042 -7.3911259962261e-05 8.13903083009386
0.0606000000000015 0.000589802375847601 -7.70434054989661e-05 8.1664848484516
0.0608000000000015 0.000590791485879965 -8.3996452701989e-05 8.19392544388628
0.0610000000000015 0.000598580767214745 -8.64277220863997e-05 8.22135889858847
0.0612000000000015 0.000602522280278824 -9.11507674245278e-05 8.24877832606544
0.0614000000000014 0.000608519522779523 -9.54802409386048e-05 8.27618533664502
0.0616000000000014 0.00061158910626052 -0.000101768177256927 8.30357798793941
0.0618000000000014 0.000619527296565287 -0.000102188154020639 8.33096052587072
0.0620000000000014 0.000621891448390255 -0.000110244269135691 8.35832446386693
0.0622000000000014 0.000630769185373157 -0.000112790696752135 8.38567700156884
0.0624000000000014 0.000633303224754757 -0.000120365044374689 8.41301079265234
0.0626000000000015 0.00064139607046557 -0.000123494124886503 8.44033170975709
0.0628000000000013 0.000648605288228075 -0.000128803609747347 8.4676357193171
0.0630000000000015 0.000654074655593604 -0.000131924301141989 8.49492212018758
0.0632000000000015 0.000659117574348179 -0.000137634922234408 8.52219004040921
0.0634000000000015 0.000668531887641269 -0.000141780648359282 8.54944093858892
0.0636000000000014 0.000670100404447527 -0.000151893411762247 8.57666849388795
0.0638000000000014 0.000681806912516671 -0.000153269475064805 8.60388350493759
0.0640000000000014 0.000690317739654353 -0.000157677325688024 8.63107689977902
0.0642000000000014 0.00069181984766341 -0.00016673839730389 8.65824478315123
0.0644000000000016 0.000702731997746315 -0.000168880519403224 8.68539789638938
0.0646000000000014 0.000707733486620701 -0.000179372436042403 8.712523020779
0.0648000000000015 0.000716505483309394 -0.000186471941941408 8.73962806950542
0.0650000000000013 0.000726605636474796 -0.000189216448347645 8.76671238608681
0.0652000000000015 0.000734548341565905 -0.000193842959306852 8.79377045670643
0.0654000000000015 0.000741334870552721 -0.000202864022969868 8.82080038653482
0.0656000000000015 0.000749115142827525 -0.00021157602699748 8.8478043463287
0.0658000000000015 0.000759239518726511 -0.000219364243761405 8.8747835517596
0.0660000000000014 0.000772221787072911 -0.000223960536099978 8.90173700374311
0.0662000000000014 0.000778372835735715 -0.000231971942922666 8.92865766223991
0.0664000000000014 0.000786547452255298 -0.000239327254833043 8.95554904695179
0.0666000000000014 0.000798311192889555 -0.000247953131959686 8.98241025415967
0.0668000000000014 0.000809710863360724 -0.000256872583100186 9.00923947279804
0.0670000000000015 0.000821005683080281 -0.000264675910445886 9.03603593575679
0.0672000000000013 0.000832984869926178 -0.000273337477137784 9.06279838239297
0.0674000000000015 0.000841960208893039 -0.000283099028987274 9.08952401294012
0.0676000000000015 0.000853067815338916 -0.000292625196062158 9.11621495260228
0.0678000000000015 0.000868182119351973 -0.000301130384769292 9.14286985435673
0.0680000000000015 0.000881060140953646 -0.000311374247403231 9.1694849643383
0.0682000000000014 0.000895331209993152 -0.000320139654857362 9.19606116061324
0.0684000000000014 0.000909580546726173 -0.000330724773128056 9.222595692934
0.0686000000000014 0.000922197885032797 -0.000342902485052305 9.24908590370688
0.0688000000000014 0.000937778272683709 -0.00035200684859553 9.2755358792661
0.0690000000000014 0.000955928189063682 -0.000361045449964291 9.30194062713399
0.0692000000000016 0.000967355227202753 -0.000378560206026972 9.32829327157581
0.0694000000000013 0.000987321982067567 -0.000387749766780884 9.35460374944867
0.0696000000000015 0.00100415475024615 -0.000401815146873806 9.38086250647068
0.0698000000000015 0.00102169772235472 -0.000413998437856139 9.4070704859411
0.0700000000000015 0.0010378340843988 -0.000427823829906707 9.43322615280561
0.0702000000000015 0.00105861826315869 -0.00043845223159661 9.45933112888955
0.0704000000000014 0.00107979609427792 -0.000453866328035396 9.48537947048092
0.0706000000000014 0.00110013096558286 -0.000470760356360818 9.51137031816102
0.0708000000000014 0.00111855836316631 -0.000487565044103976 9.53730313271984
0.0710000000000014 0.00114697767743608 -0.000497298016631586 9.56318286650595
0.0712000000000014 0.00116403503715384 -0.000519287821439695 9.58899100470822
0.0714000000000016 0.001192436360039 -0.000534986681212715 9.61474193324957
0.0716000000000014 0.00121729344283682 -0.000556027384910599 9.64042351793566
0.0718000000000015 0.00124537393345736 -0.00057285562254883 9.66603982058378
0.0720000000000015 0.00127202933961191 -0.000589772820753627 9.69158577580011
0.0722000000000015 0.001297392855528 -0.000612582241957592 9.71705593687098
0.0724000000000015 0.00133145443532945 -0.000634108357845946 9.74245534616028
0.0726000000000015 0.00136399620886312 -0.000656774959377458 9.76777690617537
0.0728000000000014 0.00139648274904887 -0.000680934009845005 9.79301868707543
0.0730000000000014 0.00143019773896607 -0.00070555160887053 9.81817875348143
0.0732000000000014 0.001464338746741 -0.000731862466722328 9.84325385304627
0.0734000000000014 0.00150781573807051 -0.000755408942320822 9.86824656805673
0.0736000000000016 0.00154902244161562 -0.000783903984673174 9.89314613221256
0.0738000000000014 0.0015872006673654 -0.000816104592092392 9.91795037655005
0.0740000000000015 0.00163315557932854 -0.000844361010773631 9.94266404831499
0.0742000000000015 0.00167755359390143 -0.000878718638452082 9.96727612933673
0.0744000000000015 0.00172472938093259 -0.000913502055580509 9.99178705668563
0.0746000000000015 0.00177769843000239 -0.000947036468264949 10.0161965870066
0.0748000000000015 0.00183390244273741 -0.000982446454398581 10.0404975475621
0.0750000000000015 0.00188702459336554 -0.00102499543184074 10.064682979031
0.0752000000000014 0.00194642722971225 -0.0010653182602647 10.0887568499456
0.0754000000000014 0.00200746352225928 -0.00110844291348907 10.1127126762609
0.0756000000000014 0.00207204776802268 -0.00115321892317962 10.1365474705451
0.0758000000000016 0.00213724389573624 -0.00120180338359996 10.1602569569168
0.0760000000000014 0.00221162281102326 -0.00124785381877438 10.1838420359586
0.0762000000000015 0.00228531722893649 -0.00130320529998439 10.2072906365833
0.0764000000000015 0.0023611371253715 -0.00136108832307099 10.2306013079914
0.0766000000000015 0.00244363120749305 -0.00141760482399675 10.2537743059143
0.0768000000000015 0.00252936486098359 -0.00147620616698507 10.2768005223757
0.0770000000000015 0.00261640519099908 -0.00153965737933074 10.2996737988642
0.0772000000000014 0.00271224189880124 -0.00160563566805462 10.3223915584887
0.0774000000000014 0.00280448439493242 -0.0016818364944761 10.3449413244909
0.0776000000000014 0.00290659803998083 -0.00175109793360991 10.3673301422062
0.0778000000000014 0.00300741990476753 -0.00182689832266503 10.3895415157151
0.0780000000000016 0.00311725584980618 -0.00190575026362335 10.411574423554
0.0782000000000014 0.00323006863718524 -0.00198988503405805 10.4334192444015
0.0784000000000015 0.00334574008954767 -0.00207549252073289 10.455070428726
0.0786000000000015 0.00346422307538833 -0.00216371480334028 10.4765204543931
0.0788000000000015 0.00358041558165706 -0.00225795720218358 10.4977578588997
0.0790000000000015 0.00370957154334329 -0.00234895470983741 10.5187847896961
0.0792000000000015 0.00383868324831099 -0.00244736846772734 10.5395821091701
0.0794000000000015 0.00396712078360649 -0.00255039867190588 10.5601436406654
0.0796000000000014 0.00409922129708207 -0.00265333279752798 10.5804636914027
0.0798000000000014 0.00423307631148385 -0.00275774509553266 10.6005331870536
0.0800000000000014 0.00437238005535012 -0.00286300534141225 10.6203430600914
0.0802000000000016 0.00450979482547406 -0.002973342393871 10.6398803365446
0.0804000000000014 0.00465554154867104 -0.00308066855821497 10.6591418104377
0.0806000000000015 0.00479527321305369 -0.00319893321890616 10.6781055809513
0.0808000000000015 0.00493830315223642 -0.00331720653130007 10.6967686935677
0.0810000000000015 0.00509061653726721 -0.00343290651560837 10.7151237945147
0.0812000000000015 0.0052404285114683 -0.00355747433840536 10.7331493386499
0.0814000000000015 0.00539700970681159 -0.00368104997207303 10.7508421913339
0.0816000000000015 0.00555519327574424 -0.00380805792061749 10.7681862459034
0.0818000000000015 0.00571950747012545 -0.00393845225424109 10.7851717617301
0.0820000000000014 0.0058854781397923 -0.00407724128045938 10.8017823702274
0.0822000000000014 0.00605766408587704 -0.00421903030930873 10.8180101626884
0.0824000000000016 0.00624028556386232 -0.00436334519702648 10.8338444139452
0.0826000000000014 0.00642904389868178 -0.0045123655229247 10.8492696630847
0.0828000000000016 0.00662374148791679 -0.00467072263693918 10.8642691259951
0.0830000000000014 0.00683068224155027 -0.00483685188337315 10.8788325357417
0.0832000000000015 0.00704098928371396 -0.00501076909677982 10.8929438592606
0.0834000000000015 0.00726469640308141 -0.005184649470316 10.9065962620906
0.0836000000000015 0.00749412624735975 -0.00537092008744944 10.9197661926268
0.0838000000000015 0.00773859611732315 -0.00556382358326544 10.932444590947
0.0840000000000015 0.00799198018937477 -0.00576755467860631 10.9446109662705
0.0842000000000014 0.00825514706377282 -0.00598041119621279 10.9562487301584
0.0844000000000014 0.00852919890977905 -0.00620235303441826 10.9673405877477
0.0846000000000016 0.0088169898256603 -0.00643088425788724 10.9778687272986
0.0848000000000014 0.00912182834227253 -0.00666824885278869 10.9878126872654
0.0850000000000016 0.00943516376646527 -0.00692031266224145 10.9971471082919
0.0852000000000014 0.00976044441059285 -0.00718101792905798 11.0058549349058
0.0854000000000015 0.0100999151642773 -0.00744997560277261 11.01391556205
0.0856000000000015 0.0104516225507587 -0.00773390114257463 11.021301560066
0.0858000000000015 0.0108256389621404 -0.00802256563803927 11.0279999736475
0.0860000000000015 0.0112049202733179 -0.00832687141376843 11.0339768836617
0.0862000000000015 0.0116023786814841 -0.00863929621863582 11.0392198485877
0.0864000000000014 0.0120066476602676 -0.00896680908521189 11.0436987065495
0.0866000000000014 0.0124314454829712 -0.00929848349756835 11.0474008235247
0.0868000000000016 0.0128715361039165 -0.009643557915516 11.0502957323472
0.0870000000000014 0.0133240320438733 -0.010002813174314 11.0523572355296
0.0872000000000016 0.013794378846536 -0.0103715319229231 11.0535657816924
0.0874000000000014 0.0142793447980236 -0.0107565013979861 11.0538884514376
0.0876000000000015 0.0147831005898102 -0.0111526491816469 11.0533031624257
0.0878000000000015 0.0153017244640006 -0.011561825467174 11.0517800491478
0.0880000000000015 0.0158414762935359 -0.0119820028654762 11.0492946181461
0.0882000000000015 0.016396264216109 -0.0124128360776359 11.0458171991467
0.0884000000000015 0.016964859146128 -0.012857724051288 11.0413206341535
0.0886000000000015 0.017551413622868 -0.0133146651446452 11.035781228608
0.0888000000000014 0.0181479191758087 -0.0137871118522744 11.0291673701214
0.0890000000000016 0.0187679297432495 -0.0142613415157367 11.0214659327963
0.0892000000000014 0.0193980548868884 -0.0147505120335938 11.0126366626782
0.0894000000000016 0.0200476318006612 -0.0152506830140943 11.0026566352256
0.0896000000000014 0.0207081657166723 -0.0157633020839879 10.9914941106579
0.0898000000000015 0.0213857001765749 -0.016283854963769 10.9791272764803
0.0900000000000015 0.0220755767526522 -0.0168127325572265 10.9655271749147
0.0902000000000015 0.0227758103641535 -0.0173514196072288 10.9506666736034
0.0904000000000015 0.023495850515135 -0.0178954491600795 10.9345257261549
0.0906000000000015 0.0242247207240532 -0.0184503740102499 10.9170753489758
0.0908000000000015 0.0249611808665372 -0.0190084674837045 10.8982976070212
0.0910000000000014 0.0257039670113153 -0.0195697941041714 10.8781708164433
0.0912000000000016 0.0264562406866502 -0.0201375673311555 10.8566709354472
0.0914000000000014 0.0272180574097222 -0.0207076347797978 10.8337793023935
0.0916000000000016 0.0279876483631572 -0.0212785807760408 10.8094751686896
0.0918000000000014 0.0287587824087576 -0.0218559753075395 10.7837338749745
0.0920000000000015 0.0295379784448172 -0.0224301098768587 10.7565436777234
0.0922000000000015 0.0303136918025731 -0.0230052412716835 10.7278817829517
0.0924000000000015 0.0310910711688521 -0.0235749855213678 10.6977405143936
0.0926000000000015 0.0318667637627145 -0.0241360052095256 10.6661080911263
0.0928000000000015 0.0326304480603247 -0.0246921931637725 10.6329697697973
0.0930000000000015 0.0333893850269949 -0.0252362934619924 10.5983274924057
0.0932000000000014 0.0341341047718324 -0.0257718949352126 10.5621676860398
0.0934000000000016 0.0348738210342457 -0.0262937993658183 10.5244954875229
0.0936000000000014 0.035594206445639 -0.026806543579723 10.4853000340705
0.0938000000000016 0.0363077174124027 -0.0272994813499983 10.4445930044268
0.0940000000000014 0.0369983758292339 -0.0277769245358144 10.4023713926303
0.0942000000000015 0.0376627182375147 -0.0282405935087936 10.358645644425
0.0944000000000015 0.0383109895454674 -0.0286757497366271 10.3134370802564
0.0946000000000015 0.0389284166000774 -0.0290886724856457 10.266749398806
0.0948000000000015 0.0395232488500592 -0.0294787983328755 10.2186017477519
0.0950000000000015 0.0400871989261858 -0.0298479145166746 10.1690064153139
0.0952000000000015 0.0406184259847671 -0.030189271649497 10.1179836460087
0.0954000000000015 0.0411158886212375 -0.0305004625503284 10.06555649832
0.0956000000000014 0.0415712490812482 -0.0307791678151878 10.0117558341472
0.0958000000000014 0.0419956765630408 -0.0310196188621415 9.956626296878
0.0960000000000016 0.0423674509055747 -0.0312361683711051 9.9001879226546
0.0962000000000014 0.0427007360935257 -0.0314157570176701 9.84249441790216
0.0964000000000016 0.0429944219776237 -0.0315565429165947 9.783585392802
0.0966000000000015 0.0432432208029058 -0.0316655696658798 9.72349835453815
0.0968000000000015 0.0434425333301418 -0.0317457107782999 9.66227509922602
0.0970000000000015 0.043599039827214 -0.0317891448959101 9.59996813533808
0.0972000000000015 0.0437127188886921 -0.0317944621447076 9.53663206568887
0.0974000000000015 0.0437793686429294 -0.0317603685765763 9.47232229615065
0.0976000000000015 0.0437918520647276 -0.0316928084994898 9.40708662605184
0.0978000000000016 0.0437606630425638 -0.0315871663490798 9.34098748901731
0.0980000000000014 0.0436743495307143 -0.031451895630568 9.27407795244544
0.0982000000000016 0.0435445575630622 -0.0312802305960563 9.20642749313164
0.0984000000000014 0.0433761389013564 -0.0310742294928845 9.13809835435279
0.0986000000000016 0.0431620342656527 -0.0308352217168095 9.06915027796289
0.0988000000000016 0.042900122802015 -0.0305702759256409 8.99964965204958
0.0990000000000015 0.0426006529407134 -0.0302758086848214 8.9296661321922
0.0992000000000015 0.0422597764337196 -0.0299520847280697 8.85926063430351
0.0994000000000015 0.0418842554891649 -0.0296044673449223 8.78849659872531
0.0996000000000015 0.0414782147668009 -0.0292372415754023 8.71743517600017
0.0998000000000015 0.0410422739362522 -0.0288466038515924 8.64613720306214
0.100000000000001 0.0405728460602042 -0.0284395988180557 8.57465141214396
0.100200000000001 0.0400796908995201 -0.0280162355456311 8.5030397962442
0.100400000000002 0.0395556392970916 -0.0275757537965871 8.4313603663869
0.100600000000001 0.0390108943878634 -0.0271178055049443 8.35967854281193
0.100800000000002 0.0384526522544243 -0.0266464608182961 8.28805108074211
0.101000000000002 0.0378693928077717 -0.0261716004572751 8.21651693830929
0.101200000000002 0.0372801487204436 -0.0256915504770271 8.14513351471669
0.101400000000002 0.0366787148127645 -0.0252108709386523 8.0739379345328
0.101600000000002 0.0360694801817788 -0.0247210708224143 8.00297638641734
0.101800000000001 0.0354614895358848 -0.0242277309294041 7.93228794185751
0.102000000000001 0.0348467642021011 -0.0237419937107532 7.86190246712514
0.102200000000002 0.0342257042045135 -0.0232596088917429 7.79185540195287
0.102400000000001 0.0336141242990376 -0.0227747127308344 7.72218703165053
0.102600000000002 0.0330030015839739 -0.0222954985838315 7.65291656846744
0.102800000000001 0.0323914748183483 -0.0218257017971549 7.58406393994872
0.103000000000002 0.0317914693124318 -0.0213598284762671 7.515655368377
0.103200000000002 0.0311930338701445 -0.0209037335273677 7.44770334891185
0.103400000000002 0.0306104721288213 -0.0204537030105801 7.38023348526232
0.103600000000002 0.0300369072613075 -0.0200132584985874 7.31325149911148
0.103800000000002 0.0294748164649663 -0.0195849740589603 7.24676330372229
0.104000000000001 0.0289339055395413 -0.0191783807754942 7.1807585452712
0.104200000000001 0.0284368551880637 -0.0188013721146553 7.11519478962823
0.104400000000001 0.0280334182003541 -0.0184796845129312 7.04993355707995
0.104600000000001 0.0278474599909032 -0.0183039405869779 6.98459609579359
0.104800000000002 0.0282199774723828 -0.0185082324408363 6.91816209077966
0.105000000000001 0.0301250404711868 -0.0197129986572842 6.84782620796704
0.105200000000002 0.0363103732337545 -0.0237253994714701 6.76573845254721
0.105400000000001 0.0556598455995812 -0.0353900275109928 6.65019056229575
0.105600000000002 0.137400901593218 -0.0754896447678017 6.43713578677783
0.105800000000002 0.327814344740412 -0.198080883344917 5.95980422254577
0.106000000000002 0.407234534972961 -0.296782749850715 5.20206985033149
0.106200000000002 0.10049195798429 -0.100323735804385 4.7688821748188
0.106400000000001 -0.0147439028996078 0.0471042358789833 4.7749755396614
0.106600000000002 -0.028217096484229 0.00101559993940238 4.79120126747033
0.106800000000001 -0.0910066347087724 0.0792001068640619 4.89509860907046
0.107000000000002 -0.0809456833433718 0.0737167300963369 5.06028989983972
0.107200000000001 0.0218346677824766 -0.00190929874616387 5.1389457508836
0.107400000000002 0.0120307940879944 -0.0138332612115352 5.13556045432711
0.107600000000001 -0.0268736922725328 0.0298599675745048 5.14905592825172
0.107800000000002 0.0141531838946483 -0.00760862299404458 5.18012965950617
0.108000000000002 0.0187625950157223 -0.0148537158872421 5.18184849757205
0.108200000000002 -0.00362475542377959 0.00970701682960426 5.15826231735097
0.108400000000002 -0.000948289807684865 0.00355426278287161 5.12157756807162
0.108600000000001 0.00400147315377848 -0.00259808216766486 5.08581978058093
0.108800000000001 -0.003905115846171 0.00604636574629559 5.05678244234031
0.109000000000001 0.00266654169683526 0.00266806786843376 5.02585772073949
0.109200000000002 0.00866964408413234 -0.00549943498220646 4.97506054389147
0.109400000000001 0.0144899895746183 -0.00604838650441924 4.90133114499079
0.109600000000002 0.00588555471818475 -0.00351953934768078 4.80351650580491
0.109800000000001 0.00255416543000818 0.00460798495608697 4.69543456455907
0.110000000000002 0.000718605421022084 -0.000280931306046912 4.60073622433371
0.110200000000002 0.00610565222208093 0.00317918871703602 4.51414865451159
0.110400000000002 -4.53590084860513e-05 -0.00104104021776998 4.42270308018695
0.110600000000002 0.0146034796137922 -0.00479415935724962 4.33610652154233
0.110800000000001 0.00821726200432165 -0.0059566866161264 4.23314246122237
0.111000000000002 0.00239385495879382 0.00264461511023377 4.14338746400996
0.111200000000001 0.00602766239224712 -0.00375962336394568 4.05804342533108
0.111400000000002 0.0107728471805186 -0.00318670849735864 3.9822933217596
0.111600000000001 0.00499556240753828 0.00131981835187689 3.89829467513113
0.111800000000002 0.00263862354105944 0.000372131153643207 3.82886392810048
0.112000000000001 0.0064266314290259 -0.00244942835431537 3.77905376694977
0.112200000000002 0.00626102655754497 -0.00529807183268381 3.72019404250858
0.112400000000002 0.0142274007254268 -0.00516469706962439 3.66758993535042
0.112600000000002 -0.00236793285082316 -0.00165753635026659 3.60268387826735
0.112800000000002 -0.00224138966190951 0.011031997313172 3.56482784523688
0.113000000000002 0.0014106159623644 -0.00490888745953871 3.52873123837357
0.113200000000001 0.00859650208947627 5.41164767759305e-05 3.50044541234425
0.113400000000001 -0.00563211129036996 0.00306754343564304 3.45769001765493
0.113600000000002 0.00036842715224997 0.00205313784171783 3.442212784816
0.113800000000001 0.00576748028927841 -0.00425515576395372 3.42809658440689
0.114000000000002 -0.00873472672323949 0.00882329213645968 3.4082986669124
0.114200000000001 -0.00430226969524512 0.00614104432191861 3.39808431039653
0.114400000000002 0.00618110304540908 -0.0050655179825438 3.39383811477357
0.114600000000002 0.00499623305424806 0.000366736941827502 3.37695630635785
0.114800000000002 -0.00376877139060733 0.00141980639924307 3.35155100029373
0.115000000000002 -0.00207038211797319 0.00525239695230387 3.33843512810548
0.115200000000002 0.00101428542056971 0.000864921451391126 3.32388673319593
0.115400000000002 0.0120810253184743 -0.0095179507325912 3.29719345753617
0.115600000000001 -0.00313039632382575 0.00521227991431619 3.27543935738642
0.115800000000002 -0.000460877067841413 0.000577609486100075 3.25762694018202
0.116000000000001 0.0119512034471825 -0.00721764842740564 3.24479941225699
0.116200000000002 0.00410568674190019 -0.00144105849101902 3.21142398974628
0.116400000000001 -0.000744433653325113 0.00128132093165126 3.16278840852263
0.116600000000002 -0.00457328379003771 0.00320042943064084 3.11969608734692
0.116800000000002 0.00672378311124406 -0.00207897839216701 3.10512890413141
0.117000000000002 0.00841503678852767 -0.00518366990487106 3.08157096275007
0.117200000000002 -0.00622673789029328 0.00353755375739394 3.04817416070592
0.117400000000002 -0.00611755209546553 0.00975814496554325 3.02709541440286
0.117600000000002 0.00661251484816252 -0.00728483304266962 3.0125311771295
0.117800000000001 0.0112273841231201 -0.00388372671179656 2.99338918072499
0.118000000000002 -0.00699555677237309 0.00751966628515379 2.94233881544529
0.118200000000001 -0.0121096794730547 0.00905928909648745 2.914910960512
0.118400000000002 0.000362317555161043 0.00452557472812884 2.91681369095859
0.118600000000001 0.00682833011547404 -0.00646383478428954 2.9170546824515
0.118800000000002 0.00179978423757516 0.00639323537738163 2.90081518914022
0.119000000000002 -0.0086114725558648 0.00376948105312302 2.88603837742536
0.119200000000002 0.00652862331551816 0.00203755950799211 2.88963387677344
0.119400000000002 -0.000725413357429009 -0.000296704914122687 2.88501574267329
0.119600000000002 -0.00229893226908088 0.00530580194457327 2.87890270255557
0.119800000000002 0.00232818731371467 -0.00244860201134657 2.86909447368287
0.120000000000001 -0.00274455420657819 0.00590542042041268 2.86776863127438
0.120200000000002 0.0015517463943675 0.000156298906561244 2.86323978249458
0.120400000000001 0.0107803246241244 -0.00819998142591666 2.84333823934657
0.120600000000002 -0.00538018371475005 0.00436662110500787 2.82150907020766
0.120800000000001 -0.00230367810250569 0.00567059956127387 2.81250627458934
0.121000000000002 0.00692070015384715 -0.00859736594452943 2.80114513243373
0.121200000000002 0.00849572147786242 0.000643483211998599 2.76088446985743
0.121400000000002 -0.00324220051486995 -0.00190544449061123 2.71113163196327
0.121600000000002 0.00212625514122253 0.00626723065587898 2.6817280537042
0.121800000000002 0.0114653944085302 -0.0129813676760185 2.63523498401396
0.122000000000002 0.00143597668730172 0.00382296391537994 2.58825703301048
0.122200000000002 -0.0117037225545027 0.0130210043307464 2.54437377068641
0.122400000000002 0.00335155377915164 -0.00395174445847775 2.51679071746767
0.122600000000001 0.0125137654879965 -0.00490217926201982 2.4958559780971
0.122800000000002 -0.00676123452579507 0.00530611622019553 2.4652134360163
0.123000000000001 0.00113498684874832 0.00490237315156931 2.4343658976731
0.123200000000002 -0.00171917750834012 -0.00160322161518712 2.41129250521268
0.123400000000001 0.0140135896340655 -7.77435699769984e-05 2.393251749036
0.123600000000002 -0.00105036844854336 -0.00739834439232317 2.3506449154244
0.123800000000002 -0.00208475052530384 0.0117556650101857 2.33460992082021
0.124000000000002 -0.00606591489191487 0.000489794657248148 2.31202050385343
0.124200000000002 0.0123635932287927 -0.00508776761331471 2.28803014373272
0.124400000000002 -0.00602069994505681 0.000159734323157241 2.25995831948711
0.124600000000002 -0.00262799213636746 0.00756862546676489 2.24623540981024
0.124800000000001 -0.000289640205121346 -0.00611508700633911 2.22498392227409
0.125000000000002 0.00753801798796266 0.00121802547493985 2.2142691490907
0.125200000000001 0.00109163862029685 -0.00264622908857594 2.19647333856923
0.125400000000002 0.000568738960225239 0.00645424036315434 2.18548900373627
0.125600000000001 -0.00479948916102913 0.00284855430966804 2.17195207634525
0.125800000000002 0.00650787416494624 -0.0019150530647331 2.15373301523159
0.126000000000002 -0.0037706327865884 -0.000644740877488692 2.13616768063625
0.126200000000002 -8.02649609401776e-05 0.00125571394020777 2.12370468153593
0.126400000000002 0.00300276552123324 0.00264091852719311 2.1236424090768
0.126600000000002 -0.00296119634896329 -0.000955261802536606 2.11148899353632
0.126800000000002 0.0103062414512192 -0.00603768220430197 2.10456802947121
0.127000000000001 -0.00191124205251294 -0.00410818523180674 2.08083169693483
0.127200000000002 -0.00396742269156344 0.0110600253770704 2.06868004347147
0.127400000000001 -0.000650488189918099 -0.00952783091266579 2.06081271730315
0.127600000000002 0.00640044905299075 0.00417229278503365 2.04861310981896
0.127800000000001 -0.00523506997375139 -0.00386724544148868 2.03045990849763
0.128000000000002 0.00728424951273404 0.00634847311363148 2.02539471220234
0.128200000000002 -0.00331610841268441 -0.00822049335092848 2.01052543287163
0.128400000000002 0.00788344160790929 0.00594416669801907 2.00694963472865
0.128600000000002 -0.00335314391686332 -0.00448833052213084 1.98598929183394
0.128800000000002 0.00795115321786209 0.00184333232708754 1.97840600528224
0.129000000000002 -0.00525628229403793 -0.00271235105912067 1.95117406609356
0.129200000000001 0.0036454680212132 0.0058639980472709 1.94030154544884
0.129400000000002 -0.00271327200082884 -0.00210302181291984 1.92110362931844
0.129600000000001 -0.0010616714317373 0.0018047997414132 1.91786631067685
0.129800000000002 -0.00201731919931933 0.00403411691480806 1.90578417591711
0.130000000000001 -0.00728306901331931 0.00391493380799409 1.8933079990067
0.130200000000002 0.00569363449690901 -0.00349776478010459 1.89772008953776
0.130400000000002 -0.000229005906305217 0.00360213516380616 1.88948731565832
0.130600000000002 -0.00522522783912291 0.000209573818627469 1.8919122589332
0.130800000000002 0.00424081577237894 0.0030699004104026 1.89526734083998
0.131000000000002 0.00652580246705002 -0.00944762954343317 1.87431356279571
0.131200000000002 -0.00129465170936228 0.00880093588887766 1.85482746447563
0.131400000000001 -0.00231586153357648 -0.00114941397857124 1.84058271858538
0.131600000000002 0.00762047402134806 -0.00447899707426819 1.85060959243345
0.131800000000001 -0.00260103616812116 -0.000502713767363214 1.85285729094493
0.132000000000002 -0.00492154937141966 0.00533115515386628 1.86893089401248
0.132200000000001 0.00116264496579108 -0.000178861325634382 1.86935438372992
0.132400000000002 0.00819204496761767 -0.00593623723222859 1.88402269612035
0.132600000000002 0.00123354809755951 -0.00350286242087054 1.9032058541292
0.132800000000002 -0.000728434359270004 0.0100678043693495 1.91266596226479
0.133000000000002 -0.00744871557614023 -0.00462180210125045 1.90984125512895
0.133200000000002 0.00651807849241218 0.00756718198517091 1.9204068665988
0.133400000000002 -0.00212348349073988 -0.00556362913000209 1.90495964001019
0.133600000000001 0.00925098690664458 0.0015811991045813 1.9088569502677
0.133800000000002 -0.00603416756942036 -0.00254276340906146 1.89471159266814
0.134000000000001 0.00384120501810835 0.00530297210146384 1.90033774273462
0.134200000000002 -0.00885598876840036 0.00221082931481871 1.8901090784038
0.134400000000001 0.0084192832696472 0.00186777602149657 1.89906030063305
0.134600000000002 0.00579998645297329 -0.0123270564689055 1.89022547772017
0.134800000000002 -0.00546869173676402 0.00846387854832314 1.90012807350431
0.135000000000002 -0.00510422958210886 0.00485432040955917 1.91064517349443
0.135200000000002 0.0072142978113973 -0.00135065490734391 1.92522153817439
0.135400000000002 0.00379726604986033 -0.00221267180238968 1.93141891438445
0.135600000000002 0.000151185634382252 -0.000548091482419905 1.93643217977351
0.135800000000002 -0.00273838274439379 0.00448854680342691 1.94774667521506
0.136000000000002 -0.00273680752532515 -0.00309941934521824 1.95916307855267
0.136200000000001 0.0080160880471265 -0.000134647562136031 1.98806669879848
0.136400000000002 -0.00457458498439625 0.00238324663151169 1.9916895712672
0.136600000000001 -0.000677359509003091 0.00264755923387008 2.01154315819291
0.136800000000002 0.00264311921822185 -0.00369408785857183 2.03430722956606
0.137000000000002 -0.00749829042442911 0.0101982973270023 2.04614813269147
0.137200000000002 0.000177774454422239 -0.00129363578854733 2.05995902252279
0.137400000000002 0.00990020118533649 -0.00217286301814314 2.07495691153572
0.137600000000002 -0.0119306160666008 0.00326122926942106 2.07836523989886
0.137800000000002 0.0011654072266709 0.00799800390208023 2.1002377517617
0.138000000000002 0.00854360621779064 -0.0109885083530943 2.09983838488285
0.138200000000002 0.00588330415931714 0.00183534779572234 2.09115738467414
0.138400000000001 -0.0149228244969674 0.0117641220889495 2.0742641385052
0.138600000000002 0.00426890158555714 -0.0024972889848132 2.08085477775413
0.138800000000001 0.0113269219939026 -0.0095845124688143 2.0869925579499
0.139000000000002 -0.00675044261627369 0.00381769398941118 2.08586095426993
0.139200000000002 -0.00196727486816786 0.00882984574263198 2.10062472920051
0.139400000000002 -0.00332783758413768 0.000915868400419764 2.09869888221606
0.139600000000002 0.00873028631784304 -0.00444141632564885 2.09917798485369
0.139800000000002 -0.00714727062647966 0.000851909782129693 2.10108289742776
0.140000000000002 -0.00360958219423218 0.00854402925018674 2.11309496677008
0.140200000000002 0.00662815010007047 -0.00973135446922475 2.10933535284045
0.140400000000002 -0.00307710424920791 0.00354791130924888 2.10931017518182
0.140600000000001 -0.00367235759200412 0.0041700930321964 2.11630056022799
0.140800000000002 0.00436104673116007 -0.00654575087844176 2.12066851596215
0.141000000000001 0.00339744769993958 0.00150921851226801 2.1322042820781
0.141200000000002 -0.00518552069631064 0.00371118339856469 2.14245087157083
0.141400000000001 0.00248992863375252 0.00056614572554313 2.15053208000401
0.141600000000002 2.51430337828468e-05 -0.00775939016664548 2.1643392829165
0.141800000000002 0.00525264517786534 0.00610930140807115 2.17438654060602
0.142000000000002 -0.0141994092179293 4.33067007036642e-05 2.16779505184346
0.142200000000002 0.0119212347347591 0.00448427131953263 2.18726738917747
0.142400000000002 0.00375019593520919 -0.0133159403378051 2.17478212218306
0.142600000000002 0.00151286681672633 0.0100715782464601 2.1685009220798
0.142800000000001 -0.0184549686948398 0.00403553458031751 2.14650800267421
0.143000000000002 0.0174462045170655 -0.00211924864129937 2.15233250205737
0.143200000000001 0.00213251162725674 -0.00871755168989064 2.12992657127293
0.143400000000002 -0.000809888137023046 0.0139597839928147 2.12123607288704
0.143600000000001 -0.00489936525528602 0.00275392276637044 2.12199708286341
0.143800000000002 0.00626064112438195 0.0053706107951445 2.13189313830007
0.144000000000002 0.00520955193566463 -0.0124716788699109 2.13047809912417
0.144200000000002 -0.00447271594851944 0.00827313880905326 2.13212736212431
0.144400000000002 -0.00111546791981247 0.000649265598697605 2.12072992619883
0.144600000000002 0.00579843259515298 -0.00693065021157569 2.10801446231344
0.144800000000002 0.0068467644136163 0.00212646807772949 2.10696837207232
0.145000000000001 -0.00500225618473416 -0.00136855114888415 2.08386105539178
0.145200000000002 0.00144283623857323 0.00971891230018016 2.08346772321861
0.145400000000001 -0.00478112461630837 -0.00153853302106536 2.08346347710512
0.145600000000002 0.00897799202056362 0.00252108209310181 2.08827756136083
0.145800000000001 -0.00538534755720698 -0.00198314449114947 2.08404158492712
0.146000000000002 0.00617782450099048 0.000581703388527046 2.08883986813395
0.146200000000002 -0.000613000260519738 0.000842643255830291 2.09017017107509
0.146400000000002 -0.00252318133724168 0.00102997534059468 2.08224075294011
0.146600000000002 -0.000547810924795464 0.000834744323247494 2.08511511050847
0.146800000000002 -0.00277428909467624 0.00158358718507935 2.08140065518922
0.147000000000002 0.0107897338587392 -0.00749521269037918 2.08732720458223
0.147200000000001 -0.00513005502064105 -0.00248118786112633 2.08646233033517
0.147400000000002 -0.00716766022208155 0.0120651829377255 2.09550869215558
0.147600000000001 -0.000225124353075513 -0.00160450789798282 2.10261677675066
0.147800000000002 0.00848387914281379 0.00151355110756734 2.11705589042655
0.148000000000001 -0.000134489668301138 -0.00584813360544914 2.12393206436453
0.148200000000002 -0.00358684039038988 0.00963112076127839 2.13792054846631
0.148400000000002 -0.00386943824771189 -0.00117823040393238 2.15065743041085
0.148600000000002 0.0105364973871153 -0.00590691236914269 2.16533685228216
0.148800000000002 -0.000854496509913523 -0.00259973385782393 2.15880906203868
0.149000000000002 -0.0069526086592225 0.0108513116593786 2.1524263782186
0.149200000000002 -0.00422634162430653 0.000635109119310088 2.16012990319749
0.149400000000002 0.0070565524593562 -0.00888776305169754 2.15680049169315
0.149600000000002 -0.00353129282380095 0.00751770348388551 2.17027326802306
0.149800000000001 -0.00741264489877746 0.000988880123636553 2.1737047872457
0.150000000000002 0.00413035168412316 -0.00150715325686267 2.1890102124834
0.150200000000001 0.00230151626379451 -0.00294838383279466 2.19850808079701
0.150400000000002 0.00294209451422309 0.00400443817246205 2.20549308828414
0.150600000000002 -0.00282200723830027 0.00403111457203745 2.20829821716557
0.150800000000002 0.0101257594646686 -0.00121889331201883 2.21722161982607
0.151000000000002 0.000476702059314654 0.00203447707200205 2.21700211276931
0.151200000000002 -0.00213237185170765 -0.00265805841908689 2.21472786885825
0.151400000000002 0.00222277109932005 0.00230960461518442 2.22170672757586
0.151600000000002 -0.00642181977567037 0.00192697234072513 2.22491536161139
0.151800000000002 0.0130534042343652 -0.00416273154112274 2.2403108698905
0.152000000000001 -0.00404437079773603 -0.000696704877748204 2.24825740530218
0.152200000000002 -0.000375036331157491 0.00412574740406008 2.25116723576343
0.152400000000001 -0.00328779565961162 0.000836403661300383 2.2533189498894
0.152600000000002 0.00928715291759347 -0.00498196351151578 2.25939916579275
0.152800000000002 -0.000999023665741219 -0.000632468817755569 2.2574329520398
0.153000000000002 -0.0083186917477441 0.0103039896789357 2.25571687529932
0.153200000000002 0.00674081766076323 0.00195445457038718 2.27373697095718
0.153400000000002 0.00499678889569677 -0.00654343089411793 2.2716267453568
0.153600000000002 0.00496089587738908 0.00533684094610539 2.26810357506995
0.153800000000002 -0.00505519390083314 -0.0035828408649954 2.2629886155038
0.154000000000002 -0.000506719145795277 0.0119851774070615 2.27343999235415
0.154200000000002 -0.00292355881014857 -0.0117873077568083 2.26808943804632
0.154400000000002 0.0122337616849236 0.00297388193797259 2.28833585598833
0.154600000000001 -0.00864677291655913 -0.00119560572583507 2.28300511489309
0.154800000000002 -0.00148457497697608 0.00648103811151133 2.279231313042
0.155000000000002 0.000862198773381118 -0.00319532388009399 2.27238791829192
0.155200000000002 0.00365518956039847 0.00229004686536389 2.26113509930187
0.155400000000002 -0.00217893755603608 -0.00158200897746937 2.25341084022402
0.155600000000002 0.00748972579600994 -0.00198730136577025 2.26154907095549
0.155800000000002 -0.00157075945401337 -0.00132896152260309 2.25308243908266
0.156000000000002 -0.00353295306482677 0.00907329980080867 2.25969514884684
0.156200000000002 0.00471532826992262 -0.000924884671399613 2.26587260670708
0.156400000000002 -0.000833651758915084 0.00348089180058381 2.26015682225118
0.156600000000002 0.00571726196293297 -0.00414848990173756 2.26223033828728
0.156800000000001 0.000301747605922369 0.00467960563374991 2.25660217873568
0.157000000000002 -0.0013044909910672 0.000785009221984473 2.2487484920083
0.157200000000002 0.00247479878938307 -0.00227785281989655 2.24863510989709
0.157400000000002 -0.00092091838006462 0.00148305971610449 2.23875553165907
0.157600000000002 0.00160959392888271 -0.00160260835621864 2.23701554161779
0.157800000000002 0.00490342661973248 0.00405692606148344 2.22885417880947
0.158000000000002 -0.00823041715491387 -0.00281203958847033 2.21939573387583
0.158200000000002 0.00648627749320231 -0.00177219282932117 2.23059722557664
0.158400000000002 -0.00261529830875311 -0.00229372494601152 2.23236062950131
0.158600000000001 -0.00133045743861161 0.00869207728394527 2.24744696804852
0.158800000000002 -0.000819073128712471 -0.00528671454096761 2.2549683919376
0.159000000000001 0.0010635700529145 0.00687847545171064 2.27142955520873
0.159200000000002 -0.00249822690831963 -0.00263414892611979 2.26928777207601
0.159400000000002 -0.00220032193805646 0.00587238977987649 2.2834741003024
0.159600000000002 0.00262362075615875 -0.00219460355810795 2.29912458884291
0.159800000000002 0.00426446974636116 -0.00676822186206099 2.30957584811682
0.160000000000002 -0.00385487812008396 0.0091900916515364 2.31739920596053
0.160200000000002 0.000659565928102762 -0.00422402967585286 2.30820803688919
0.160400000000002 0.0032063431576066 0.00179329423961428 2.32512642543179
0.160600000000002 -0.000637588608820239 -0.00248673743904091 2.32845758814558
0.160800000000001 0.00134119933221296 -0.00280075194859175 2.33397537052744
0.161000000000002 -0.00555085904430932 0.00292231140696176 2.33392763821573
0.161200000000001 0.00420421957803181 0.00229582255139345 2.34416125567018
0.161400000000002 -0.00419032905454021 -0.00295551144088875 2.34130661432272
0.161600000000002 0.0041354774728042 0.00441508836098131 2.35419229952047
0.161800000000002 -0.00479491981085078 -0.0053080289221907 2.35588902029127
0.162000000000002 0.00364513348239597 0.0033690864314031 2.36653978674949
0.162200000000002 -0.00561060806968122 -0.00142853252177633 2.3674554700265
0.162400000000002 0.00222726928640001 0.00701808146446653 2.38287281770648
0.162600000000002 -0.000218343434556463 -0.0067112362891049 2.38482860254222
0.162800000000002 -0.00570041357472675 0.00783869461104199 2.39269308339092
0.163000000000002 -0.00296201951974405 -0.000203332617518613 2.40785885588098
0.163200000000002 0.00748815932001752 0.00215223279635283 2.42099945122533
0.163400000000001 -0.00470032544886852 -0.00245509214725833 2.42278361314243
0.163600000000002 0.00401483226463593 0.0027288932009904 2.43463545517083
0.163800000000001 -0.00614833700093146 0.00275095216153614 2.43082479577261
0.164000000000002 0.00475894137388718 -0.0013103469664663 2.43284393104219
0.164200000000002 -0.00122824743736572 -0.00175594964887701 2.42944541505177
0.164400000000002 0.00240358159956463 -0.00185873212994504 2.43639222669383
0.164600000000002 0.00248778551252047 0.00156822188745034 2.44040615660416
0.164800000000002 -0.00413084618300154 0.00618853827413344 2.4526058010124
0.165000000000002 0.00448875894263702 -0.0043049463983175 2.47365912475293
0.165200000000002 0.000577189796921455 -0.000294813926756993 2.48381592718789
0.165400000000002 -0.00636169114847313 0.00171513884350024 2.49385731275447
0.165600000000001 0.00551402660094511 0.00173951984654433 2.51667208571031
0.165800000000002 0.000880081081279356 -0.00468011494561307 2.51979714496673
0.166000000000001 -0.0063755621345403 0.0114581815921538 2.54312330406266
0.166200000000002 -0.000702726128858125 -0.00469262428390724 2.550178053598
0.166400000000002 0.00425285588640291 -0.00826140175215794 2.56777382919748
0.166600000000002 0.00062431436828113 0.00545476788060588 2.58955100430962
0.166800000000002 -0.00582248966059764 0.00408103446828678 2.60589419983914
0.167000000000002 0.00222891793926744 0.00217457040621516 2.63075982304262
0.167200000000002 0.0139257084174499 -0.00509537881673725 2.65445270225009
0.167400000000002 -0.00531160955971073 -0.00364540129821906 2.67027852063095
0.167600000000002 -0.00508662977582967 0.01195826375008 2.69230501815807
0.167800000000002 0.00486730166003665 -0.00905576195840718 2.70732606089898
0.168000000000002 0.00608165716617904 8.44181895039101e-06 2.72455335365512
0.168200000000001 -0.00443377702432056 0.00117577190671949 2.72934200212042
0.168400000000002 -0.000798609084948148 0.00150302526831466 2.74375749317336
0.168600000000002 0.00807612826904643 -0.00245735923284827 2.76228046881804
0.168800000000002 -0.00274353870836367 -0.00468163162257283 2.76818781399627
0.169000000000002 0.00218686933130179 0.00774375770765757 2.79057852894051
0.169200000000002 -0.00220321866237874 -0.0011360444592844 2.79569706378546
0.169400000000002 0.00717710779590054 0.000308079401938998 2.81631540472898
0.169600000000002 -0.00728743209163534 -0.00191736297733255 2.82500165294241
0.169800000000002 0.00879260591731205 0.00772121179207348 2.84124141682656
0.170000000000002 -0.00319061894468693 -0.00985208089668236 2.83608366856698
0.170200000000002 0.00615874878281444 0.00756250295087163 2.84963257111287
0.170400000000001 -0.0112837181213009 0.000979862170083972 2.84615191842199
0.170600000000002 0.00915185263552599 -0.0036744521021008 2.86824282421389
0.170800000000002 0.000772441981641067 -0.00481201503726584 2.87860542420033
0.171000000000002 -0.00511090805640753 0.00261905446884412 2.88613621597561
0.171200000000002 0.00277440675863732 0.00103382387812707 2.90380675064869
0.171400000000002 0.00452552140449158 -0.00388579684742915 2.91049587746225
0.171600000000002 0.00359237905555191 -0.000678293554178552 2.91930611154491
0.171800000000002 -0.00877344673410893 0.012536474805101 2.9116624403776
0.172000000000002 -0.00262752570999482 0.00130959298272988 2.91009926853676
0.172200000000002 0.0130200885244301 -0.00465597722419142 2.93051304335538
0.172400000000002 -0.0018604831368588 0.00162420177256869 2.93885455932576
0.172600000000001 -0.00207336531079406 0.00653256738507459 2.95857612354446
0.172800000000002 0.00616574161431611 -0.00359758246828499 2.96692425001393
0.173000000000002 0.0056719509284098 -0.00733184737021953 2.97678036178495
0.173200000000002 -0.0026795366589364 0.00567044482346512 2.98904164707557
0.173400000000002 -0.00626401769024648 -0.00139437461145144 2.99449881980884
0.173600000000002 9.80198571335362e-05 0.00704225236726064 3.01701926975712
0.173800000000002 0.00570855379019372 -0.00917137550782842 3.03596049512981
0.174000000000002 -0.000720801817565014 0.00518373265631596 3.05317961138676
0.174200000000002 -0.00490101557954085 0.00236257427979567 3.06820801347429
0.174400000000002 0.0108250605176665 -0.00332072420285435 3.07667986262655
0.174600000000002 -0.000495980793374414 -0.0035530314346038 3.07829321518325
0.174800000000001 0.00298330761221536 0.00683630841477383 3.08286730663989
0.175000000000002 -0.00838619593177603 0.00106459278291314 3.07891545629308
0.175200000000002 0.0115568764882415 -0.00382976654663917 3.09649192270126
0.175400000000002 -0.00203773328975081 -0.00468499315580721 3.09320160507811
0.175600000000002 -0.00686226884753465 0.00495233323349184 3.10350059394547
0.175800000000002 0.0059085940321862 0.00224757183090228 3.11589696336717
0.176000000000002 -0.00462965229206434 0.00109396203381934 3.12256404180382
0.176200000000002 0.0103976539859935 -0.00315231934736503 3.14458501151401
0.176400000000002 -0.00448846222485044 0.00107649389131662 3.15891942760529
0.176600000000002 0.00019074246430481 0.00947897623506807 3.17348583493863
0.176800000000002 0.00115748896743935 -0.00856499371809268 3.16826475587503
0.177000000000001 0.0035806270173259 -0.00185100314459842 3.17757483605488
0.177200000000002 0.00123554623227018 0.00260351249238662 3.18628302227008
0.177400000000002 0.0033577012054296 0.000940762739531563 3.19609408643856
0.177600000000002 -0.000873017570367866 0.0030757832926351 3.20370028069903
0.177800000000002 -0.0020740846684275 -0.000104761000847467 3.21567090885668
0.178000000000002 0.00326548267521553 -0.00147581288195483 3.23037407669729
0.178200000000002 -0.00103281772251279 0.00249983876685236 3.24696484626175
0.178400000000002 -0.000954838695428204 0.00300788489581279 3.25777696027736
0.178600000000002 0.00339712572956063 -0.00397150040298551 3.27147775402194
0.178800000000002 -0.00208136472959194 0.00498793426957351 3.28333760337431
0.179000000000002 0.00137038990057467 -0.000685124294234612 3.29043314013695
0.179200000000001 0.00142668006657732 -0.00464396977266765 3.29467408304987
0.179400000000002 0.000235905774046087 0.00262792111394819 3.30442402639979
0.179600000000002 -0.00360983923715707 0.0028082818327021 3.31033747186207
0.179800000000002 0.00161706320330977 -0.00679060859062814 3.32272110997694
0.180000000000002 0.00372922553077994 -0.00206804291157612 3.34265608031832
0.180200000000002 -0.00463259920361599 0.0102483110237284 3.36000426681942
0.180400000000002 0.00274599929544531 -0.00646185762404015 3.36241865891088
0.180600000000002 0.00496074561462047 -0.000411115791540554 3.38077490116719
0.180800000000002 -0.00274047081563193 0.00124798288123291 3.38734204852725
0.181000000000002 -0.00425896514176912 0.00593171587442094 3.39130682577285
0.181200000000002 0.0019207609901784 -0.00373684908074039 3.40056518517119
0.181400000000002 0.00448598648061068 -0.00435328460027296 3.41131006733219
0.181600000000002 0.00255055248751093 0.00190315359422404 3.42029655446265
0.181800000000002 -0.00372664061077876 0.00392838922607944 3.42334717640874
0.182000000000002 0.00520383019322944 -0.00253501279462542 3.43452116521871
0.182200000000002 -0.000893950631851761 -0.00273709702293926 3.43515636937804
0.182400000000002 0.00158678816602336 0.0067975357145779 3.45389753527188
0.182600000000002 -0.00205842886784305 -0.00232844098774604 3.4538659971757
0.182800000000002 0.00747746762134573 -0.000676931666566395 3.46367650065868
0.183000000000002 -0.0079398312446838 0.00737445942845735 3.46237668957239
0.183200000000002 -0.00107994962603053 -0.00146263086573931 3.46141773193793
0.183400000000002 2.23703671929873e-05 -0.00172667029729831 3.46815359131622
0.183600000000002 7.61969019546539e-05 -0.00372867980459608 3.46389014416979
0.183800000000002 -0.00332260635198696 0.00927388277668542 3.46797114753034
0.184000000000002 -0.00316363423149943 -0.00584816345166866 3.4580131015133
0.184200000000002 0.0101784482854221 -0.0048628069915646 3.46744319888257
0.184400000000002 -0.0161092207317916 0.0106540393259512 3.46380007168241
0.184600000000002 0.00900426737767053 0.00396230358219853 3.47408145309176
0.184800000000002 0.00461610147832614 -0.0136075727503347 3.46530756240973
0.185000000000002 0.0043210494112022 0.00176045291492347 3.46996918504618
0.185200000000002 -0.00820403062584119 0.00688268984585701 3.47208067152531
0.185400000000002 -0.00309738118061448 0.0017115030482354 3.47502107358371
0.185600000000002 0.0125989592516694 -0.0148059013285625 3.48279559346793
0.185800000000002 -0.00267300460473916 0.00503858676623579 3.48562101089577
0.186000000000002 -0.00912884140504154 0.00559973082383764 3.48662989954964
0.186200000000002 0.00847816218047044 0.00017324505013481 3.49502087599325
0.186400000000002 0.00152726663217017 -0.00661269673126136 3.49185730106677
0.186600000000002 0.00190918802094803 0.00652343237097864 3.49806925197332
0.186800000000002 -0.00956826450179617 0.00563770243493388 3.49710011227604
0.187000000000002 0.00792684716972571 -0.0047378978961336 3.50769127368053
0.187200000000002 0.00524822674480784 -0.000707341950716955 3.51059036714474
0.187400000000002 -0.000646236177096444 0.00445965756855329 3.51464873338993
0.187600000000002 -0.000892979751368626 0.00219496767943698 3.50699691547154
0.187800000000002 0.00255137643756377 0.000676033865547199 3.50915987013414
0.188000000000002 0.00298123530444746 -0.00334465696687881 3.52086904807787
0.188200000000002 -0.00374864311085087 -0.0022664696004562 3.53142981414157
0.188400000000001 0.0052226531240637 0.000917335122033514 3.54911641599689
0.188600000000002 -0.00330293089644033 -0.00133772983124449 3.55847146298345
0.188800000000002 0.00586780873244022 0.00317511337203338 3.58020277944242
0.189000000000002 0.0022227924335339 -0.00616388958186627 3.58628069189181
0.189200000000002 0.00298684536289967 0.00636764460183489 3.60516963389558
0.189400000000002 0.000771914658961968 -0.00389198797233123 3.61854657971512
0.189600000000002 0.00291554160731563 -0.00183162141793522 3.64504460637408
0.189800000000002 0.00158688174668345 0.00276557346437994 3.65637147091958
0.190000000000002 -0.00542998272958483 -2.0378907914862e-05 3.66754091293174
0.190200000000002 0.00719440678220834 0.00556370733620171 3.68372159848142
0.190400000000002 -0.00103933287047742 -0.00952398299540264 3.68797747704562
0.190600000000001 0.00451566948491194 0.00385971213701194 3.70570180357145
0.190800000000002 -0.00495193959325355 -0.00211699333645812 3.70972005215407
0.191000000000002 0.0060555835510977 0.00354900210013154 3.7253989363154
0.191200000000002 0.00244800465659598 -0.00667424874582864 3.73159239414729
0.191400000000002 0.00243116324812612 -0.00246483897869256 3.75599771030983
0.191600000000002 -0.00324164931556476 0.0113426514537728 3.77412018739622
0.191800000000002 0.00156173318815059 -0.00780484368809966 3.78744372955563
0.192000000000002 0.00733612621021277 0.00206761078974764 3.81514409854679
0.192200000000002 -0.00993917979935152 0.000559463779618702 3.83799648190095
0.192400000000002 0.00637436305145827 -0.00178709989284735 3.86781822398173
0.192600000000002 -0.00384209255375148 -0.00416413889059872 3.88468505077855
0.192800000000001 -0.0026417289906063 0.00379046173735503 3.91062549327356
0.193000000000002 0.00559310465186091 -0.00646529606103686 3.92272562479106
0.193200000000002 -0.00114525716444586 0.000119996185862816 3.93404059148981
0.193400000000002 0.000477740791101663 0.0013454805938776 3.93212679753583
0.193600000000002 0.000224453006031307 -0.00653492237381882 3.93719579942711
0.193800000000002 0.000433805221147748 0.0043211251926049 3.93720938558052
0.194000000000002 -0.00367928360496986 -0.000901125452475146 3.94083261745199
0.194200000000002 -0.00359052833197745 0.0029061689987143 3.95558240692695
0.194400000000002 0.00180117565851613 -0.00344421669146594 3.95571355157635
0.194600000000002 0.00029496742884411 0.00263534985812471 3.9629710961818
0.194800000000002 -0.00522574547221908 0.00157517908406392 3.97026173135835
0.195000000000002 0.0056658485120009 -0.00398183807100861 3.98010808446246
0.195200000000002 -0.00141481966352335 -0.00152504984886756 3.98704374684655
0.195400000000002 -0.00116119209545094 0.0011165014167819 4.00326570250261
0.195600000000002 0.00860869035989656 0.00244225371536641 4.0201983724035
0.195800000000002 -0.00814146805005602 -0.00607493583593059 4.01787113983446
0.196000000000002 0.00604216241792799 0.0169327339654433 4.0503214684196
0.196200000000002 -0.00527920695408357 -0.0107733348543972 4.04983878580384
0.196400000000002 0.0120884987271525 0.00541342182200233 4.07328313704188
0.196600000000002 -0.00851028659011627 0.00505315882429776 4.07089843136799
0.196800000000002 0.00142584835187944 -0.00262722994857552 4.0739831791303
0.197000000000002 0.00581481837483908 -0.00422621885174924 4.08496744888618
0.197200000000002 -0.00620161733449343 0.00167031665202453 4.08224802259261
0.197400000000002 0.00516366776652193 -0.000745280475114449 4.09284682944709
0.197600000000002 0.000625967660384649 -0.00386975540724189 4.09553400749867
0.197800000000002 0.000598307188812175 0.00710622850802909 4.10326799852006
0.198000000000002 -0.00537566999255417 0.00202162340425649 4.11037173861296
0.198200000000002 0.00791490338248596 -0.00329032925836696 4.11741663919786
0.198400000000002 -0.00211802773978664 -0.00208794401916046 4.11706967306263
0.198600000000002 0.00123789722414112 0.00715076495014417 4.12934492687593
0.198800000000002 0.00389532036521382 -0.00992501813950814 4.13687819161923
0.199000000000002 0.00292464366669947 0.0100363725603897 4.14013174186588
0.199200000000002 -0.00708927343167886 0.00521049803517271 4.14380881199635
0.199400000000002 0.010057819184446 -0.00171415675919888 4.15781044094234
0.199600000000002 -0.00398400353327685 0.000519173003840459 4.15805666137921
0.199800000000002 0.000947673350660446 0.00769481076099753 4.16323106009768
0.200000000000002 0.000818542929379904 -0.00923281404674805 4.15660594939061
