# Fix print output for fix def1
2.8670862318375e-15 0.0983067283512974 -0.389716983110455 0.288151650177282
-0.00134329244800745 0.182237903113098 -0.0101693681497093 0.487753903744528
-0.00302946012182859 -0.0379735161864495 -0.0297359937992992 0.407030328554372
-0.0032633059226912 -0.00222192531377713 0.052738729065379 0.472219889551417
-0.0031584665849178 -0.0175880425752646 -0.0105203701604681 0.464951037694617
-0.0029643682093786 0.0258284557321133 0.000546387061396937 0.510692078794108
-0.00320189186565166 -0.00309055754033005 -0.0133972563733584 0.51531873147252
-0.00338351693085661 0.00147656884413834 0.0161272689405697 0.547655963164435
-0.00345630230223112 -0.00780319624064429 -0.00101304255799415 0.560255843035381
-0.00341311493800555 0.01018147992195 -3.33479220823326e-05 0.588538488134885
-0.00353967864624826 0.00198415404277366 -0.00658960259327054 0.606187112700029
-0.00370639591189159 0.00120138337701347 0.00629880947582156 0.632447140361385
-0.00383247115219624 -0.00533175467971963 0.00144570949009148 0.650359261196394
-0.00384649943700927 0.00370785973496197 0.00297135033068093 0.678428444204859
-0.00391114288079457 0.00147348093431362 -0.00414753912546282 0.697267802694049
-0.00401958612671912 0.00118183872109374 0.00158683599159343 0.721271271259541
-0.00413791485869837 -0.00274308253117869 0.00133232756950326 0.73939304652848
-0.00420332982286344 -0.000106753949517976 0.00141907935834883 0.763018406063596
-0.00427098137542499 0.00187586705550999 -0.000971492366008274 0.784935789602655
-0.00437047019324116 0.00125856760859593 0.000364949495774565 0.807703825197781
-0.00447570612487073 -0.00212541644346857 7.24514187580828e-05 0.82895234985535
-0.0045434495695295 0.000811069514882174 0.000683720005166887 0.853473283650115
-0.00462369650207412 0.00112752006977062 -0.00190478036050487 0.874309856822469
-0.00472139831928224 0.000374598748501586 0.00151559740679316 0.896915814193828
-0.00480845832677428 -0.000851839504010907 0.00129395529352836 0.918849937649279
-0.00487788360365522 0.00131478389652129 4.86620862335164e-05 0.940467241449539
-0.0049554179058294 0.00127761333926271 -1.52434523845429e-06 0.962812429889018
-0.00504502364578669 0.00200958941860415 -0.0011723384667081 0.985960533380031
-0.00516275795976053 0.000773451050296333 0.000738456891464435 1.00819617703881
-0.00528576798630338 -0.00354307120112115 0.00228092110723869 1.03099592213197
-0.00534292591209811 0.000305895654535074 0.00202333577692252 1.05547260801027
-0.0053902569594283 0.000417692130289828 -0.0031867964344238 1.0765292578994
-0.00547064578718651 0.00406950019915607 -0.000538538257045718 1.10137450511491
-0.00561071630209503 -0.00163896558945582 -2.0088532224945e-06 1.1212154493628
-0.00571562757471543 -0.00245190924223736 0.00379401488683667 1.14399770535892
-0.00576071247141463 -0.000891783731113957 -0.000236897719911475 1.16503616735454
-0.00579745294124276 0.00370546791495269 -0.00191803064106933 1.19009388876124
-0.00591008757895237 0.000398427811109378 -0.00231078421196201 1.21293228416514
-0.00603298285150702 -0.000798236876149552 0.00268712025100406 1.23581315755022
-0.00611640063711232 -0.0023995777923279 0.00144081337847408 1.25712726067408
-0.00615180536498575 0.00396034860807585 0.000337525463965753 1.28189843504245
-0.00624015550762943 0.00264716849694561 -0.00283960891922395 1.30432764799534
-0.00638288916571073 -0.000924132751795718 0.00206687306339818 1.32842912726713
-0.0064922512138461 -0.00384741834176929 0.00260482236580807 1.35050963568653
-0.00652273301229251 0.000364222694778214 0.000717849807618946 1.37352808660817
-0.00655591700833752 0.00388652311723463 -0.00240556684220063 1.39647018661187
-0.00667722630948831 0.00165962930717958 -0.0012933882971411 1.4199311063255
-0.00683009035497164 -0.00207661215387436 0.00305234802041248 1.44222842690283
-0.00692075977783537 -0.00332487996661647 0.00389726472009007 1.4653823883901
-0.00693563527843344 0.0014447219961525 -0.000732524671421587 1.49014624322595
-0.00698532683973639 0.00391105663669046 -0.00353200089880721 1.51291945445144
-0.00711533732851595 0.000460061609556956 0.000185784683468641 1.53576551551481
-0.00725493649985528 -0.00399034337155306 0.00129161622080907 1.55758591170396
-0.00731667808756125 -0.00216843592684389 0.0022858847316542 1.58236976496404
-0.0073360970493231 0.00226707325828537 -0.000757524953701825 1.60512206878469
-0.00740027916725534 0.00267244956458366 -0.00439266671984729 1.62782032878833
-0.00752962197979838 0.00237322073169687 0.000830812353119204 1.65377844711991
-0.00767230034743645 -0.00218434099748047 0.00291492211147568 1.67587777840084
-0.00775158763111682 -0.000925852824217801 0.00159935441235965 1.69935003755393
-0.00779913720915837 0.00100082452009793 -0.0011588668909729 1.72235986778858
-0.00786988956080882 0.00135992392321436 -0.0022341370391197 1.74546563008931
-0.00797261923041245 0.00133113459703519 0.000785848957841697 1.77124655086393
-0.00808046163745846 -0.000688133950378083 0.000721150462385404 1.79343919351303
-0.00815274018229973 0.000339768003085219 0.00149410552769462 1.81743678579531
-0.00822088300487474 0.000677302437706559 -0.00200943721570433 1.84152683872685
-0.00830551578399424 0.00170767780113047 0.000266754596889066 1.86695017319314
-0.00841016305925773 -0.00160536060529135 -0.000721528503490064 1.88796559887214
-0.00848357164885394 0.00138865883895352 0.00186168032338802 1.91345586147512
-0.00855666069723129 0.000419569803278366 -0.000817742829964609 1.93474737108615
-0.00863339746464906 0.0016329645905612 0.00176575128898711 1.96072970146186
-0.00873078896525282 -0.0012380981402515 -0.00134501918592036 1.98235888022549
-0.00881076938651589 0.00097864989034113 0.00100924638751415 2.00882102381051
-0.00888994643592007 0.000536141213076431 0.000433797074673915 2.03280660950238
-0.00896650381541803 0.00109635911023869 0.000818473394079027 2.05581256256849
-0.00905478520188853 -3.15219394042243e-05 -0.00209519323931994 2.07825274101859
-0.00915018303213963 0.0016126683160525 0.00188496446345798 2.10452579010704
-0.00925624367010737 -0.00209321286494142 -0.000457268034826399 2.12632594300038
-0.00932661241717113 0.000911251335687684 0.00186928530777797 2.15262283068894
-0.00940176310576069 -0.000127136140984508 -0.00234881925750311 2.17418543444309
-0.00949099956657496 0.00260716389614863 0.000250536016951008 2.20020980020069
-0.00961902596773083 -0.0017854745531601 -0.00137234154475776 2.22281985287506
-0.00970811884970679 -0.00154065345342765 0.00318171698610111 2.2493315089763
-0.00973902233617157 -0.00137739903270899 -0.000116696343655729 2.2717908833666
-0.00976067231594046 0.00390744193567267 -0.00175526867160851 2.29787938673297
-0.00986661128509057 0.00197378539341761 -0.00283472559936946 2.32099989965044
-0.0100202693352888 -0.000399045190489569 0.00254164571750694 2.34452406159408
-0.0101436613517668 -0.00361852704933233 0.00294251538329993 2.36598362527508
-0.0101809410327315 0.00186165327005571 0.000701728997949889 2.39311229764603
-0.0102257263753793 0.00259047118968827 -0.00301743027065499 2.41797853348566
-0.0103182014533874 0.00290432280546252 -0.000297475701983811 2.44436088456492
-0.0104528343579477 -0.00226928202088276 0.000741299842866068 2.46680834639312
-0.0105380531234315 -0.00234287053607144 0.00356908654940815 2.49337356741317
-0.0105650542242404 0.000839065156363628 -0.000261202728616492 2.51679042936138
-0.0106075930490736 0.00367414164025822 -0.00222806427968538 2.54114116152791
-0.0107322055533769 0.00248498980455718 -0.00163100509867644 2.56552039909892
-0.0108856426265797 -0.00138386606634743 0.00213957081812867 2.59010213669802
-0.0109833953691226 -0.00275670814051868 0.00353081116192172 2.61382393645559
-0.0110127590561814 -0.000911257831798523 -0.00112133735450008 2.63734955698851
-0.0110427654030274 0.00348241069531657 -0.00120244894485414 2.66242080982588
-0.0111491592424467 0.00113292252731537 -0.00218650614302459 2.68683543440104
-0.0112762645157605 -0.00078008979798242 0.00352057141130849 2.71234689744719
-0.0113634727974644 -0.00305086891727416 0.00114081171276763 2.73589513188516
-0.0113938718192621 0.0022652048294529 0.000704312392299614 2.76328261792481
-0.0114615180487743 0.0022645488489392 -0.00355193192914574 2.78635328536546
-0.0115812255525042 0.00166736142607372 0.00134814101655458 2.81231286523311
-0.0117158585671314 -0.00218861506502837 0.00123657484197046 2.83285040420597
-0.0117963975498817 0.000629285012231525 0.00339643758532591 2.86038350246793
-0.0118554913541504 -0.000547493054735567 -0.000500254881694911 2.88459656007666
-0.0119114846078287 0.00269536849570157 0.000556881384442107 2.91303263480875
-0.0120029420450116 0.000404587512133348 -0.0014675200068261 2.93834255779526
-0.0121021281775409 0.00129913622424032 0.000101235101099221 2.9629887768567
-0.0122037637268115 -0.000900143461806482 0.00175888436267913 2.98451893824537
-0.0122773608558716 -0.000376584200016046 0.000343751962619688 3.0085102078341
-0.0123407104996824 0.00100753016116222 0.00125642481588469 3.03591935396221
-0.0124191830144179 -0.000295499375513837 -0.00274430230711322 3.05923245418469
-0.0125032782661725 0.00112096481245969 0.00176117474031451 3.08712479030421
-0.0125953738451896 -0.00142825709982067 0.000379761284465537 3.11028378934659
-0.0126626843338385 0.00153202429545951 0.00201450667559996 3.13806970912214
-0.0127513138043122 0.000646686722612527 -0.00210394980454206 3.16186601293537
-0.0128482760681723 0.00157594029792801 0.00186136055382077 3.18969384472796
-0.0129509254406225 -0.00289068227251734 0.00151722309137472 3.21157152589674
-0.0129967232323373 0.00116964307237206 0.00141221366520945 3.23732758876829
-0.0130517988691044 0.00169322394936634 -0.00333742135233159 3.26205053067868
-0.0131483264773496 0.00341835619149494 0.000300207682470303 3.28881136309971
-0.0132922313275418 -0.001743976433796 -0.000191926832791968 3.3118440452352
-0.0133939881025757 -0.00102403637367089 0.00379600519352347 3.33887645571239
-0.0134398488811041 -0.00158741088634818 0.000182419986953734 3.36390909005455
-0.0134690107679533 0.00255820379303975 -0.00091250106820249 3.39142507317627
-0.0135551966193646 0.00267429979250378 -0.00195471521675194 3.41576832885527
-0.0136886280239578 -0.000916058706607844 -0.000481513889254573 3.43903428559164
-0.0138003614187433 -0.000610311966234617 0.00314344844286527 3.46484961231499
-0.0138758069065886 -0.00140838656086216 0.00146692598278534 3.488884895899
-0.0139140866455104 0.00178069447794187 0.00150262720836758 3.51580758671725
-0.01397218756062 0.0013850078017772 -0.00345466633624622 3.54128674873843
-0.0140755173166829 0.00233426358842026 0.000230522347787871 3.56839678194318
-0.014212429053061 -0.0026262572639007 0.000605863942264103 3.59244006567999
-0.0143002432437251 -0.000165075606911947 0.00374290071138708 3.62007950743379
-0.0143651122810636 -0.000654915114487303 0.000185300767431929 3.64500540317378
-0.0144187667711727 0.00334407020681586 0.000271956775891891 3.67209409502273
-0.0145103146757781 -0.000989776949541939 -0.0027479899734595 3.69563023692411
-0.0146099962396683 0.00105042532897352 0.0022784986321525 3.72327553047545
-0.0147054430477188 -0.00265963920520271 -0.000512088963615504 3.74703025526276
-0.0147595444301468 0.000943854304118321 0.000842336460754179 3.77494307313221
-0.0148242502047907 0.000417939524152678 -0.001760267287529 3.79963950082359
-0.0149009506698417 0.00231751224614671 0.000392971449618218 3.8262799786172
-0.0150125231195225 -0.000226404553536333 0.000267379922736586 3.84985005970298
-0.0151135804779879 -6.79162781948439e-05 0.0011399482560723 3.87596384484511
-0.0151916374912273 -0.00164991275386756 -0.000220316674140212 3.90210792614074
-0.0152385464768852 0.00302879688907847 0.000884027653412646 3.9295395971718
-0.0153213668447296 0.00150238991570351 -0.00149259775134969 3.95219314222526
-0.0154219586979577 0.00144277867603773 0.000801568519487641 3.97812214341645
-0.0155239016710272 -0.00077502745855898 0.00192248078245486 4.00478544117081
-0.0155968434166115 0.000945057981240652 0.00136985279268371 4.03205808461045
-0.015667061926742 0.00164350641365526 -0.00162269796218707 4.05950976256489
-0.0157676638292034 0.00209071663078427 -0.000387398838884323 4.08513269978609
-0.015892922296207 -0.00043443031475313 1.94194722280401e-05 4.11029855838867
-0.0159944223359194 -0.000845507439025109 0.00221128017091737 4.13595607338291
-0.0160680495277988 0.000960264691028806 0.00170020927567829 4.16256168550672
-0.0161383451279281 -0.000936980901676505 -0.000136357500667527 4.18669421297167
-0.0161956514030183 0.00139126848604321 0.00066418093413022 4.21314837564169
-0.0162652367114781 -0.000501803895750527 -0.00080152862113639 4.24036130426966
-0.0163358160279341 0.00268778296182525 0.000909378242160075 4.26853577985891
-0.0164336359694549 0.000194941640128628 -0.0012568223005478 4.29293634137687
-0.016537440515559 0.000651865323295581 0.000906776571679043 4.31836449484468
-0.0166273102440001 -0.000610802243054885 0.0014332209184887 4.34412200181082
-0.0166834685460721 0.0009656389119181 0.00177688372159682 4.37174428326687
-0.0167460023195029 0.000455047217784216 -0.00228733509062272 4.39773521273499
-0.0168363302305237 0.00147793050922353 -0.00113496821215028 4.42448081299641
-0.0169470167460411 -0.00017828097665297 0.00126864650186596 4.45111102165832
-0.0170380400705778 -0.000259470280528878 0.00251047647937762 4.47697512457091
-0.0171065585814968 -0.000515346485275025 -0.000442503964771605 4.50260932975741
-0.0171627340180875 0.00237983461132687 -0.00108353882437203 4.52993216531005
-0.0172552340505958 0.00180865061869063 -0.00253719630661762 4.5560928184439
-0.0173774867432231 0.00144750718527966 0.00126290554701025 4.58191807965609
-0.017505547525191 -0.00146458406554449 0.00108919593392692 4.60653107249
-0.0175945178164053 -0.00130253632906693 0.00213242168022032 4.63324383060785
-0.0176390477796315 6.85729873840692e-05 0.00103453105688699 4.66068040889917
-0.0176747523456111 0.00238437839053886 -0.00181373538973385 4.68798187171365
-0.017756250973568 0.00152869426691512 -0.00215518971609929 4.71514663551107
-0.0178772990032451 0.000405233970436121 0.000352404503411663 4.74063270968849
-0.0179995175507823 -0.00142447843446063 0.00201889085241808 4.76677029965565
-0.0180790085926395 -0.00271131092387756 0.00213571553359096 4.79273809088116
-0.0181085399011921 0.00204195463408092 0.000856462491198674 4.8214747854149
-0.0181613576701164 0.00219797990130179 -0.00297070982276581 4.84626368376222
-0.0182728530327505 0.0037147856969291 -0.00106716529757303 4.87469606827992
-0.0184426661649749 -0.00177741455283432 0.00058343163731106 4.89791276759944
-0.018564874603609 -0.00217066216329987 0.00476696128703974 4.92597099215258
-0.0186097274848366 -0.00235398195309003 0.000328905364837698 4.95220797793302
-0.0186091901362453 0.00303484570914512 -0.000716101735322152 4.98108469010397
-0.0186643053759541 0.00172964255586009 -0.00259124287597639 5.00562824085906
-0.0187766569081901 0.00283673032943479 -0.000218014536753389 5.03263829208019
-0.0189311157229134 -0.00164956016478399 -0.00041626715597148 5.05826353488861
-0.0190462113298935 -0.0023916074424008 0.00180046901948315 5.08615053519295
-0.0190996794398971 -0.00122431468571136 0.000857520891918267 5.11294747825395
-0.0191251615486498 0.0018729328417925 -0.000415520878794435 5.13918005969874
-0.0191850791906338 0.00307567586809767 -0.00231138853457743 5.16675839313935
-0.0193027630353898 0.00107841416726497 -0.00130108336439419 5.19253252933669
-0.0194411609881934 -0.000409186169329304 0.00233624346728372 5.22141082724578
-0.0195503288386711 -0.00214417296047159 0.00280733096606713 5.24726663904294
-0.0195946966755114 -0.00118355983544969 0.00149949712377854 5.27441746593242
-0.0196224824285259 0.00141368310016413 -0.00217595168287046 5.30238749027111
-0.0196968421079239 0.00420120948884719 -0.00194312308624577 5.32881379193876
-0.0198503448811041 0.000718063531826459 -0.000662699325891555 5.352990145767
-0.0200091618226197 -0.00165257444337333 0.00276307159389102 5.37902496031863
-0.0201079622446787 -0.00322264443487872 0.00224526560574363 5.40557028840419
-0.0201292930044944 0.000797058455579474 0.00071179285927255 5.43436575559074
-0.0201542267499136 0.00308775445882313 -0.00161136281113919 5.46245636636221
-0.0202385065983271 0.00304823982568193 -0.00204533743511414 5.4883560097676
-0.0203765754392508 0.000272460290237894 -0.000105799256929097 5.51357758633071
-0.0205074857615042 -0.000947930496601193 0.00346216336348848 5.53886573681944
-0.0205934500284891 -0.00211822895768838 0.00371435657968266 5.56585151722007
-0.0206235303475805 -0.000380941406240556 -0.000305234208784115 5.59472050906182
-0.0206582191973759 0.0027854219506079 -0.00287589528266687 5.62352535585922
-0.0207512184708357 0.00366836861951149 -0.00118676948383854 5.65120433833915
-0.0209016171043134 -0.00038850805719683 2.94458660315392e-05 5.67751319688492
-0.0210301931075951 -0.00150759012755928 0.00150628157859962 5.70341147875164
-0.0211086319624627 -0.00109315718049466 3.40031002790983e-05 5.73049473746889
-0.0211721629511025 0.00168649490500612 0.000612051694077436 5.7586621278411
-0.0212574225554332 0.000917074023923225 -0.000928809165115192 5.78477203257701
-0.0213615458309677 0.00040625365474249 3.05341853882605e-05 5.81125814817016
-0.0214582856639527 -0.000838499185089516 0.00100443523131508 5.83930903108328
-0.0215244004587932 -0.000608321094154146 0.000104785539597464 5.86649967975497
-0.021578885487376 0.00187286547901011 -0.00033074005572346 5.89316718168328
-0.0216564710114704 0.00135206692494448 -0.00221247921834501 5.91948977329568
-0.0217643791354988 0.00148135384302822 0.000115279374127407 5.94570052565679
-0.0218836440155407 -0.000634897186254669 0.000687664664002072 5.97194360866296
-0.021978517987536 -0.000139096048141542 0.00228988355351372 5.99995981617415
-0.022050900125908 -0.00122102902211586 0.000213861353858316 6.02623184393773
-0.0221037371186154 0.00197187071307418 0.000571458648113141 6.05498272314802
-0.0221883679462057 0.000103204432393114 -0.00235235842290221 6.08150133889623
-0.0222964674675363 0.00106844286114265 0.000373421574074943 6.10883562080213
-0.0224156401162147 -0.000719753150989847 -0.000148646763944978 6.13639390214902
-0.0225196262740079 -0.000183283821668478 0.000314358194501787 6.16535538708601
-0.0226146213281214 -3.15627725840812e-05 -0.000553495574391905 6.19315710460186
-0.0227066918043001 -1.64178646316759e-06 -0.00043816810707755 6.21900827888599
-0.022802253631518 0.00182335146325845 0.000328230834215373 6.2469040190544
-0.0229165435924529 0.000296474049563924 -0.00124786269220474 6.27298441846464
-0.0230302718517493 0.000233426761646209 0.0017865799299089 6.30095592289572
-0.0231280144488502 -0.00317180871318413 0.000891037525146883 6.32548609458798
-0.0231668718174469 0.000967152827602852 0.00250129160864421 6.35446813774449
-0.0232070134985881 0.000295227251855067 -0.00258826175395011 6.38081182820941
-0.0232717463434085 0.00361608820854166 -6.08568683896349e-05 6.41094116685033
-0.0233923227654973 -0.000104836795518524 -0.000590572256011735 6.43678032055264
-0.0235106690490723 0.00116665939038149 0.00172258449903154 6.46568098658325
-0.0236288048776205 -0.00207824023869961 -0.000939008728507905 6.49105773613655
-0.0237122592281101 0.00106178683379312 0.00108604969094407 6.51990265689659
-0.0237977498170537 0.000176581675323157 -0.000682468218956351 6.54597287281235
-0.0238844284694744 0.00149148592686983 0.000423925465007652 6.57229626196582
-0.0239887427349653 -0.000201285992889958 0.000336848182802173 6.59897341127722
-0.0240803027348903 -0.000452081942314265 0.00147095387678249 6.62623576160725
-0.0241489291956934 0.00115984250656443 -8.97827528139128e-05 6.65592058038505
-0.0242314096237088 0.00129944716898164 -0.00247480598844921 6.68362189053928
-0.0243463209156743 0.00204557156015647 -0.000552795470772101 6.71205651764474
-0.024488590472754 -0.00168969430234168 -0.000384742848966935 6.73703606503748
-0.0245932030736418 -0.000405816887134427 0.00376740793613495 6.76548000613526
-0.0246570247732126 -0.000971297998990331 -8.49932085853165e-05 6.79148546966473
-0.0247032782972001 0.0028419551541122 -0.00101124000766123 6.81974508190271
-0.0248009545443282 0.00225369018834411 -0.00278391872906317 6.84564337090624
-0.0249427545809805 0.000794650545902957 0.000370485803718742 6.87358315247691
-0.0250826967777548 -0.00202663415565943 0.00198338864733738 6.89987260206382
-0.0251691440171455 -0.000256195402003529 0.00244172638608194 6.92767661969904
-0.0252265898927032 -0.000144782795009625 -0.00169315754589828 6.95580976461905
-0.0252854898498592 0.00406464929124329 -0.000564094216872659 6.98467796858912
-0.025413238882626 0.000999805765813283 -0.0022626102784229 7.0107108977606
-0.0255678212675103 0.000338595418299284 0.00197172470701968 7.03915453913301
-0.0257100748225215 -0.00302948390593673 0.000742404376196684 7.06445729804672
-0.0257898659996371 -0.000235857392819522 0.00222189879615728 7.0946891912348
-0.0258428169297328 -0.000608006402604356 -0.000526395525576735 7.12120252578934
-0.0258915012063032 0.00148449731713301 -0.000522402146111135 7.14792254094714
-0.0259781090484112 0.00185857915703605 -0.0013764795126257 7.17567656657396
-0.026098859711004 0.00024235628602719 0.000250246216479691 7.20269240739253
-0.0262183128703549 0.000382131114616541 0.000545897495672954 7.23015274897831
-0.026329725808777 -0.000902416354555977 0.000244119155983567 7.25722270422872
-0.0264193332063923 0.000786335902617309 0.00165127653703986 7.28672154835908
-0.0265040147529212 -0.000515319228099911 -0.00051643145594098 7.31294726883473
-0.0265685523691062 0.000538308929159401 -0.000322181294141135 7.34206399014547
-0.0266425942552399 0.00108997422455968 -0.00149005127572659 7.36974169925019
-0.0267478417581234 0.0023336416589367 -0.00122597696659878 7.39779989610396
-0.0268971367006985 0.000363204105111603 -0.00314974195852378 7.42224913976057
-0.0270632707273067 0.00174363196345534 0.00109242286074075 7.44994865153589
-0.0272350572728873 -0.00323827380071186 0.00128786533571835 7.47539524250055
-0.0273377801890052 -0.00209948091856777 0.00275601957567324 7.50345436954332
-0.0273775978735268 -0.00189481240142605 0.000290954025043665 7.53208165689172
-0.0273910368522532 0.00200490970697933 -0.000812343380316588 7.56134037940029
-0.0274581462613397 0.00246735274256962 -0.00352830141445431 7.58917054421287
-0.0275897161407165 0.0038992143872388 -0.00211169380634132 7.61661321971582
-0.0277812411296743 0.000542812817250183 -0.00089601913149552 7.64213488877925
-0.027971158216373 -0.000863276726627546 0.00186627282364195 7.6669673503674
-0.0281120945365959 -0.00252113379271632 0.00365185279932151 7.69316792629928
-0.0281806477524116 -0.00203849242663789 0.00229453228306727 7.72200806310888
-0.0281998846272375 0.000569865474851426 8.47327900453424e-05 7.75178326553305
-0.0282293000059567 0.00292144149818524 -0.0025812408516937 7.77988824921353
-0.0283123461874011 0.00309106592808263 -0.00223607634865006 7.80757796534269
-0.0284597011804889 0.0015308262398835 -0.00151906002277801 7.83337911749383
-0.0286442483245795 0.00026520349017878 -0.000962331587238538 7.86025541906511
-0.0288238674130521 -0.000176639091830593 0.00159474848477173 7.88902564341283
-0.0289698432121062 -0.0022535214433076 0.00183471756183954 7.91550161338268
-0.0290577467000238 -6.65116715794179e-06 0.00298134401984645 7.94517689532547
-0.0291155182645923 -0.00157559655266662 -0.000282894638936422 7.9708202949691
-0.0291538951679544 0.00158648140507138 0.000568459360759413 7.99853480417232
-0.0292279565921113 0.00113413887904658 -0.00243315912640863 8.02407248014095
-0.0293440036762011 0.00169801776576113 -0.00166245408286801 8.05251271990124
-0.0294922103799496 0.000734519436521651 -0.00192714288267952 8.08058347679488
-0.0296583348564948 0.000669209254679154 -0.000673191580893747 8.10783604422317
-0.0298217570302014 -0.00113563676087651 0.00238697283465917 8.13403330488218
-0.0299361709308111 -0.00152932118936994 0.00185467948038044 8.16121050391693
-0.0299965947829999 0.000148825771423061 0.00211788556895813 8.19025774722745
-0.030048658161832 0.000175423039080825 -0.00277965804220149 8.21646698795343
-0.0301299632676499 0.0035184241959198 -0.000984218874766118 8.24613934712115
-0.0302767074856473 0.00145058867500389 -0.00321112745915293 8.27178901954323
-0.0304504606494993 0.00220687064185755 0.000496995267080339 8.30039351167575
-0.0306398499408744 -0.0022261797400579 -0.00135506318902165 8.32523789627514
-0.0307841400656554 0.000966992517016611 0.00290980774797808 8.35260099495516
-0.0309051658024534 -0.00147684868405746 -0.00123720620934052 8.37954992212788
-0.0310092051778484 0.00243535394123178 0.000928535317072914 8.40689687515537
-0.0311330809235562 -0.000738605123521319 -0.000835807129873439 8.43357133582539
-0.0312411542956296 0.00064207301611569 0.0018481021086012 8.46141514118594
-0.0313440273896621 -0.000363088039290491 -0.00101769675721793 8.48773240456511
-0.0314389021275689 0.00251118270510807 0.00032331897184334 8.51782654877034
-0.0315610844640444 0.000736482819026896 -0.00197512336476199 8.54201449264665
-0.031702523224217 0.00103956402706455 0.000162920107432826 8.56836116206177
-0.0318490764982809 -0.000175530709397509 -8.47758183166426e-05 8.59491902872678
-0.0319774198792379 0.000406121745353825 1.3630408373011e-05 8.62318327565734
-0.0320966447895665 0.00121079816425782 0.00112563512735344 8.65108553898554
-0.0322154936105139 0.000480794025461408 -0.00173798434397648 8.67863745260501
-0.0323403308995202 0.00211656227915496 1.89851106163314e-05 8.70716140885284
-0.0324837880620705 0.000635355740201302 -0.00137780788077006 8.73407029037875
-0.0326317429156488 0.000606989445010916 -0.000309035133648351 8.76164875917441
-0.0327768422895739 -0.000184929753160886 -0.00063857290490932 8.78737919222752
-0.0329071194946661 0.000348052017662249 0.000718406229882236 8.81367640349417
-0.0330315490429074 0.000797419296059274 0.000320850847094335 8.83992088024938
-0.0331628394417312 0.000923801125294266 -0.000557193435446538 8.86753897990248
-0.0332982989886983 0.000198508543671673 -0.000308186661557345 8.89406855528896
-0.033433613862702 0.000401233076166517 -0.00147938880705208 8.92166322762177
-0.0335756434283924 0.00223329169061074 -0.000201818226488245 8.94911777591216
-0.0337414675289298 0.000619808188056079 -0.00131285223500477 8.97444467110197
-0.0339029128537704 0.000299432972789119 0.00109552125844123 9.000959058722
-0.034046880664079 -0.00100803519146997 0.000929330774656854 9.0270745317064
-0.034159060916281 -0.000822874907087827 0.00045036205053492 9.05500362443408
-0.0342515756762207 0.00200648459731335 -0.000200540984394875 9.08399440441409
-0.0343739680869183 0.00225699740410591 -0.00326264256478328 9.11004948958745
-0.0345524891249719 0.00323624464709961 -0.00192108611898078 9.13548153034012
-0.0347865732402471 0.00126911661662041 -0.00121809350608145 9.1609233136466
-0.0350242021427533 -0.000994750889807029 0.00118336607850161 9.18628268089648
-0.0352080418019673 -0.00139038041019637 0.00261884074884973 9.21207869934178
-0.035330514097743 -0.000788149415979602 0.00163894672918021 9.23887311488522
-0.035425864744375 -0.000165726372733102 -0.000556585624234569 9.26544679148209
-0.0355117990106639 0.00145604469911185 5.09947347439035e-05 9.29296119253886
-0.0356151931670725 0.00167570464951306 -0.00223809303485044 9.32091475909219
-0.0357530971903383 0.00325479845451104 -0.00198848393679843 9.34733980115362
-0.035942951730893 0.0021977120918448 -0.00247375921023968 9.37188847652288
-0.0361600520439267 0.00145670425339901 8.15110293526916e-05 9.39498963485481
-0.0363708432558091 9.13938923672514e-05 0.000930761460964784 9.42021324143338
-0.0365546970716822 0.000205540215261462 0.000457455219611597 9.44739139490229
-0.0367138387728607 -0.00036970176986959 0.00150534299860416 9.47439300756013
-0.0368414979958374 -0.000648924472732912 0.000433979277898249 9.50339740010889
-0.0369502762798007 0.00293500130308676 -0.000504994582952377 9.529862279492
-0.0370886299035846 0.00279885718803261 -0.00207919890258157 9.55667133069869
-0.0372770350747681 0.00376386619245905 -0.00218984451621317 9.58221038299699
-0.0375186938653331 0.0020814703176495 -0.00183603546433516 9.60676664159061
-0.037768082635826 0.00158317878264719 0.0010965171108757 9.63102311583863
-0.038001723405812 -0.000871581954556777 -0.000245797610773343 9.6544753907139
-0.0381894747458138 0.00154402050004289 0.00138760780819007 9.68130390247699
-0.0383514704269686 -0.0015604850896304 -0.00111522203593193 9.70652748459144
-0.0384757353156518 0.00131758842644511 0.000465893150475008 9.73250484284314
-0.0386091524698121 0.00154372123916373 -0.00162794938567521 9.75812076354192
-0.0387646541246464 0.00375073134815226 -0.00124174236186869 9.78517387888519
-0.0389675714304066 0.00127243795744538 -0.00245845372743016 9.80915972467374
-0.0391931857258857 0.0023607173209574 -0.00145510050535124 9.83436701127355
-0.0394387161956882 0.00211540495612475 -0.00113154822326 9.85858650592533
-0.0396824096750261 0.00121257036858411 0.000187690537995291 9.882348417954
-0.0398998068680362 -0.000148839243752429 0.00149556641574305 9.90668769020085
-0.0400689383618567 0.000551008651511972 0.00114095441252944 9.93181788356201
-0.0402212272096114 0.00220586414532768 -0.0015250808425829 9.95812270694881
-0.040400081788151 0.00257920210688751 -0.00236654316049345 9.98354761369559
-0.0406186781683707 0.00189015033000443 -0.00172411966468647 10.0081809360782
-0.0408559710231105 0.00299666444570945 -0.00117914011712716 10.0324722848842
-0.0411029929758473 0.00183162647983734 -0.00113618790745824 10.0547044872074
-0.0413466352071333 0.00321551105214632 -0.000695835482723055 10.0780717176536
-0.041595279595907 0.00137549429811767 -0.00115603564654533 10.1011281483358
-0.0418322175943633 0.000947105878810016 -0.000777169148219469 10.1241932042697
-0.0420514360230914 0.0014426681480601 -0.000442452699976208 10.146837594518
-0.0422665546041556 3.17561672318522e-05 -0.00109339784222524 10.1702100853947
-0.0424731609684694 0.0027932919236399 4.16209596148689e-05 10.1960823139851
-0.0426910451640529 0.00262919809067272 -0.00273031442617001 10.2208243371979
-0.0429253537179399 0.00444395721228424 -0.00168347428553047 10.2448376922081
-0.0431956699084664 0.00255022118080698 -0.0029799602570171 10.2655211976079
-0.0434829065493355 0.00417295535087157 -0.0020210847478101 10.2892262486935
-0.0437908365777022 0.00204401045080588 -0.00223607897542414 10.3102172873149
-0.0440811560657043 0.00330515373502057 -0.000745500097823041 10.3322729197912
-0.0443586277003212 0.00162984769812969 -0.00222063760601677 10.3555048631874
-0.0446133273977621 0.00328467733990832 0.000366400175702809 10.3785417183397
-0.0448526761390717 0.0010152677875563 -0.0019345601663429 10.3989958167679
-0.0450716336512819 0.00306906229174332 -0.000687900024496623 10.4215903785056
-0.0453001730412236 0.00321337973826043 -0.00248425672557352 10.4461927279484
-0.0455545912656377 0.00399433495404771 -0.00348806117719936 10.4689310313514
-0.0458448162991954 0.00549779528177414 -0.003765330332622 10.4896870163628
-0.0461855009204094 0.0042192011040869 -0.00480725570642204 10.508369491928
-0.0465326017816146 0.00432329589986716 -0.00108020496928873 10.5281166731003
-0.0468615871506814 0.00262732493988129 -0.00143670125328524 10.5460306103388
-0.0471576620253999 0.00368822084718914 -0.00177372509646525 10.5672401794393
-0.0474513459813537 0.00466409170158766 -0.00285700588782626 10.5893482882154
-0.0477638504031139 0.00495128288085066 -0.00371265929702195 10.6088550036266
-0.0481021027013406 0.00570631646672144 -0.0040671278057654 10.6270893694957
-0.048463292770345 0.0057443004819852 -0.00399655235565793 10.6446879279749
-0.048834028075137 0.0045083251484861 -0.00323504725487242 10.6623737867727
-0.0491963141416813 0.00564196333494679 -0.00367901743543668 10.6799432403728
-0.0495580726351761 0.0044097546856106 -0.003758284173543 10.6957750121692
-0.0499114752401207 0.00553326416298033 -0.00313990431291683 10.714558714691
-0.0502744277646435 0.00652428133743656 -0.00427336670343664 10.7315467217202
-0.0506494559782137 0.00601565037070424 -0.00389383229507358 10.7474776295682
-0.0510311215127795 0.00575991292224214 -0.00468383762536145 10.7628756003871
-0.0514112827138141 0.00675059423254574 -0.00510119660760465 10.7782614206278
-0.051805906594263 0.0075705121756451 -0.00464678925333842 10.7926173310416
-0.0522119011927689 0.005927546190279 -0.00490840760280892 10.8061834230101
-0.0526089598630412 0.00727607709195655 -0.00414943431168838 10.8223672437688
-0.0530181644598625 0.00722271724812981 -0.00548079464623529 10.8368867956102
-0.0534388602511861 0.00892003002974877 -0.0051281654918303 10.851431696797
-0.0538822951778611 0.00788365899491841 -0.00675464945365856 10.8623025491799
-0.0543355853913288 0.0101124467167137 -0.00617822653746467 10.8722869550886
-0.0548178150584234 0.00969002356332249 -0.00739559331162881 10.8800083565962
-0.0553205436371309 0.01054420983677 -0.00781820453283343 10.8892571996517
-0.0558376860871572 0.0106821621545729 -0.00880718307693046 10.8960010566255
-0.056361345848745 0.0102669958623992 -0.0081116457311221 10.9021657833665
-0.0568828817011893 0.0107166004423932 -0.00799447810108005 10.9057164419456
-0.0574046645019136 0.0104087881615823 -0.0084577658774873 10.9094326134767
-0.057922068122977 0.0110545564641257 -0.00877474828463974 10.9121956608861
-0.0584467166222783 0.0117873663263069 -0.00882031473341372 10.9139574871473
-0.0589892071556361 0.012204402287264 -0.00931654852685857 10.9136766305659
-0.0595420871046693 0.0125172888021972 -0.0086554414921541 10.9128970323076
-0.0600942915212023 0.0115097705962679 -0.00797021123460039 10.9110012293816
-0.0606322038315333 0.0116234290793588 -0.00860507604386865 10.9097364897281
-0.0611735207365383 0.0127888288657087 -0.00965968413394764 10.9079482256871
-0.0617342204638168 0.0124830730664456 -0.00916592041630573 10.9038809014671
-0.0622965041137298 0.0126922407704823 -0.00844201804159487 10.8970594668806
-0.0628570550083133 0.0120030754185259 -0.0081771518607709 10.8924433366492
-0.0634080506805749 0.0114732736040054 -0.00921434478079084 10.886578880817
-0.0639500973615052 0.0123435737944637 -0.0073267258401081 10.8807732521757
-0.0644808014589139 0.0105097718630133 -0.00623048281031106 10.874404550521
-0.0649817280038669 0.00521004413535358 -0.00403345196903418 10.8687743360896
-0.0653741988840645 0.00166129234619919 0.00205158412108854 10.8683091573544
-0.065668372770921 0.005693769056386 -0.00458399061685416 10.8698343591805
-0.0659849977790308 0.00890876136876729 -0.00323257953450579 10.8697189162697
-0.0663605998160807 0.00329007993661654 -0.00400971721436048 10.8661111331774
-0.0667095485592162 0.0055272183165653 -0.00146832549637401 10.8635077840598
-0.0670628627867701 0.00687240206801089 -0.0059606478884952 10.8588807251491
-0.0674589282019762 0.00739974276431284 -0.00394808671601007 10.8548938871867
-0.0678814209451754 0.00705391859217188 -0.00419893763351258 10.8435612468431
-0.0683078583242452 0.0101121657502235 -0.0063066530033621 10.829197898211
-0.0687653836849603 0.00948909141113745 -0.00610805927538506 10.8114849208659
-0.0692312748124113 0.00705069738334501 -0.00304578783479333 10.7926396018092
-0.0696726680177654 0.00896181832352802 -0.00463727043940601 10.7717729380715
-0.0701197451337956 0.00628220649614319 -0.00419566900062145 10.7469506607615
-0.0705362855248176 0.00379155576192217 -0.00067458374750015 10.719262329224
-0.0708992718838321 0.00456043367503504 -0.00105367244217097 10.690876145465
-0.071232604937802 0.00408276809263887 0.000673400185085733 10.6610472915463
-0.071535951851962 -0.000160193523360376 0.00231293072121343 10.6290671889913
-0.0717514585081375 -0.00161581031433997 0.00375131362663093 10.5986288643442
-0.0718882529542492 0.00406934943864807 0.000103240589332115 10.5721928850458
-0.0720547731996137 0.00243334144958727 -0.00128085122797451 10.5365459131374
-0.072255598273333 0.0061032946785559 -0.000799427857240342 10.4975928088185
-0.0725403735253497 0.00610767476564223 -0.00473490600984181 10.4499061216815
-0.0729099258237146 0.00673484266308772 -0.00300766554147568 10.3870415567125
-0.0733326046765587 0.00659514039282123 -0.00238669747613554 10.3112724146738
-0.0737757068079155 0.00440683164489293 0.000392105714920648 10.2231641643398
-0.0741865072549055 0.00275559988069617 0.00361738678012255 10.128671305205
-0.0745230506278632 -0.0018822191332762 0.00753995603772217 10.0290900329551
-0.0747171651519732 -0.00541767705738469 0.0105733730616964 9.92190009805896
-0.0747557366594094 -0.00484455564595392 0.0104360707925733 9.80989201966902
-0.0746908477095938 0.00219675980638948 0.00668626035437453 9.6871547425324
-0.074692268917455 0.0124853422197336 -0.0029809673226405 9.54471068362874
-0.0749254164333593 0.0124576258268666 -0.00304027246503021 9.37489773483262
-0.0753443367898317 0.0114377858066264 -0.00550907810718943 9.18478854313438
-0.0758901797437445 0.013344971040681 -0.00217369508469825 8.98176753010253
-0.0765105692602477 0.0151863762794531 -0.00291128244336107 8.76253273998192
-0.0771850864747775 0.0142005718046471 -0.00061139027748037 8.53506361514184
-0.0778129823335053 0.00622076856958951 0.0109030361311065 8.30823196210079
-0.0782823222554746 0.00112613691661513 0.00911536671032455 8.08125179892977
-0.0786146058324824 0.00307971399657944 0.00735768483597399 7.86573179427253
-0.0788733971871275 0.00193315229954034 0.000213800856532111 7.67361182613986
-0.0791379596692139 0.018889901342186 0.00123417560314642 7.49498782618533
-0.0796121376989632 0.00512782800777356 -0.00522201438302305 7.28383567741448
-0.0800982630438543 0.012213719081209 0.00600077968588248 7.07957480689215
-0.0806367328913845 0.00915546675400103 -0.00433244612681441 6.8528667701775
-0.0812030582704007 0.0129659496804364 4.26222981847549e-05 6.62136646086608
-0.0818057040983875 0.0109693464493641 -0.000657894839850568 6.38320622498069
-0.0823864675684023 0.0134885911007522 0.000416992013897362 6.15657076031519
-0.0830025194773647 0.017157850833148 -0.00614009376544042 5.92391714545657
-0.0837429560514639 0.0287883629273592 -0.021516456819183 5.68005274859364
-0.0846746403766367 0.0323522705205589 -0.0100935472672347 5.45347000935986
-0.0856491436383274 0.0269249266532681 -0.00828737193024059 5.22650759825227
-0.0865409488960198 0.0262656004996319 -0.00883929045827556 5.0021161327532
-0.0874090510379291 0.0332500098256344 -0.0163417268989206 4.78508408590913
-0.0883880685236227 0.0384270988703842 -0.0270645263035082 4.57607397143841
-0.0894156934696308 0.0339315431439447 -0.0126901086075862 4.39052300763255
-0.0903526346470187 0.0336773650904708 -0.0193137803759833 4.20267770033652
-0.0913203413001068 0.0400187575878937 -0.0231080336413125 4.02822378099758
-0.0923377518495331 0.0372039053546492 -0.0124493317724168 3.84639591749296
-0.0933237561700288 0.0390401047009753 -0.0308836452083777 3.66721930318037
-0.0943529394909036 0.0526469772768728 -0.0297354198693177 3.50360862927462
-0.0954679508737539 0.0379220976667778 -0.0173496037473823 3.32947846952781
-0.0964115461060586 0.0314241496613705 -0.0159421431493972 3.18171589179636
-0.0972471731976715 0.0189028699169277 -0.0021197513440659 3.04281409717791
-0.097902335292718 0.00840066055876671 0.0062935349840806 2.89902861145303
-0.0983914074198504 0.0202514012532058 -0.0123037115018964 2.76348232018188
-0.0989932932890659 0.0182215361076429 -0.00944371192265369 2.6442192713401
-0.0996438498934176 0.0111375789052928 -0.00229561817528627 2.52434887801713
-0.100178559828991 0.0112311554052683 -0.00545910372046145 2.4360781498708
-0.100680792048228 0.0153426886864386 -0.00275439706300717 2.35047465858419
-0.101214852538568 0.0105317963153963 -0.0120835887235191 2.27945194491744
-0.101767914727113 0.0148504847526574 0.00182093993776129 2.21061642019899
-0.102270293896628 -0.00108098856366509 0.001997350023202 2.13432354477918
-0.102570817854799 -0.00121821295186781 0.00906715129502407 2.0760769351535
-0.102752837733598 0.00904732130883494 0.00355281373970426 2.01472598917822
-0.102989231052587 0.0040882831363138 -0.00514736256656593 1.95226396325788
-0.103272857941037 0.00611129830886303 -0.000550294923241053 1.90317503585231
-0.103568840777957 0.00339293060483562 0.00350739486453517 1.85057756305516
-0.103827808682997 -0.00274081082260071 0.0055457694181461 1.78964335248424
-0.103955581112286 0.000495124518518554 0.0075928901083872 1.74153741876346
-0.104035502768012 0.00291079271308112 -0.00448045378556665 1.70628042823267
-0.104174815756572 0.00365536244795202 -0.00135431339905253 1.68977672154748
-0.104346614001622 0.00084639519607661 0.00453875682210207 1.66585723043859
-0.104492645537404 -0.00127363955708916 0.00257734040399881 1.6314404237738
-0.104621958119657 -0.00173514969400194 0.00140447255620866 1.58609166457795
-0.104720311338504 -0.000161447102958694 0.00164072016281041 1.55028253610149
-0.104814681648122 -0.00134438244647366 -0.00750471317251979 1.52815760283863
-0.104914386606913 0.00461189189304253 0.0075369203431008 1.53401969381249
-0.105057806317839 -0.00717116710830361 -0.00353901073684863 1.50455345203772
-0.105119200154088 0.00718773583172099 0.00556980033132278 1.49824710886299
-0.10526068147618 -0.0109693602894873 -0.00145969488566303 1.47449945109377
-0.105229541009663 -0.0026300983724954 0.0144909805449061 1.46394218751249
-0.105131632188785 0.00258782883181297 -0.0145580588301299 1.45189262849177
-0.10514255571378 0.0125816755119872 0.00478278674320378 1.47972087008345
-0.105318263811765 -0.00891322197859821 -0.00130032957597727 1.4773431405661
-0.105397145676694 0.00696869122207538 0.00372625728234659 1.48259571519316
-0.105534996081762 -0.00676979811266106 -0.00184187346924182 1.47032224479786
-0.105580318487923 0.0101420084779891 0.00540357630280023 1.49358415016491
-0.10574120589953 -0.00433282854419271 -0.0089233862841372 1.4961768891321
-0.105875777382433 -0.0043498080252115 0.00837933117487793 1.5190579877224
-0.105950395102809 0.00053017857146278 -0.00346809506498923 1.5338246918174
-0.106044577025921 0.00358354454964346 -0.00258834585891622 1.534959286233
-0.106177988928861 0.00218601954922989 0.00271739772343296 1.54903005837926
-0.106307286153949 -0.00425328899354912 0.00374084677063107 1.54522739306316
-0.106347274432528 0.00500474394192216 -0.000575638544512905 1.54718539596772
-0.106443976031536 0.00540169725538224 -0.00718588546148215 1.55043929699014
-0.106601915375373 0.00282526022212914 0.00312422972382154 1.56605983591693
-0.106744518442052 -0.00294538078159996 0.00129304839423518 1.58125865831999
-0.106802437818503 0.000261795995272008 0.00495598542562458 1.59503836924345
-0.106847564905526 0.00578428847539712 -0.00245473243952977 1.62174213736919
-0.106968653277322 -0.00028923216890047 0.00301483673667437 1.63620707543418
-0.107070177764565 0.00314716330919823 -0.00249753078616886 1.64799054207776
-0.107193303253284 0.000342397277801512 0.00538785289552043 1.6619314192644
-0.107257836572176 -0.00623757961616685 0.00278022178150379 1.67285370010461
-0.107234135319182 0.00403968354674858 -0.00337111146104133 1.67475237630641
-0.107306913626111 0.00529418290086529 -0.00810132703220362 1.68611771991811
-0.107505816211751 0.00227883048528981 0.00272407007411883 1.69455177628555
-0.107663166096704 -0.0133888578946733 0.0101822224409302 1.69436005821302
-0.107602516076268 0.00217048576143388 0.00400420719866405 1.70958812963542
-0.107562321057592 0.00414266735131198 -0.00810991908932334 1.70537675679562
-0.107614088755559 0.00644402185959773 0.000164534050219982 1.72769225024857
-0.107753518900815 -0.00301558137413068 0.0026244275750402 1.73077862350176
-0.107800403095811 -0.00297902846002156 0.00120499255738293 1.75903779156817
-0.107836565671215 0.0106579342995651 -0.00331906941547701 1.77316801424353
-0.107971293548481 -0.00629701645211123 0.00634262252930658 1.78692652777407
-0.107986355413951 -0.000829594829353519 0.0025540399845011 1.81288619220283
-0.107955290512492 0.000434973214396687 -0.00314328937900576 1.82323701624379
-0.107985664694802 0.00474560770875008 -0.00289218225450409 1.8348366121926
-0.10810679302389 0.0029613209169336 -0.000121501273724381 1.85676065194094
-0.108219355907786 -0.0085213919671445 0.0131851701885644 1.87261869088165
-0.108153688232454 0.00259802208615503 0.00101288939593805 1.88952577043315
-0.108109865642212 0.00717877206191097 -0.00944496057962237 1.90252123077442
-0.108228452782326 0.00348510923121977 -0.00492675795155819 1.92492621485859
-0.108407189478201 -0.00530944786113472 0.00805990319603705 1.955638767389
-0.108479608862442 -0.000223565933648796 0.00102267866444643 1.96832679130959
-0.108527969387497 0.00253549181058503 0.000368772799461064 1.98999574018212
-0.108611785334479 -0.000370541880573701 -0.00125018352054768 2.01364201882447
-0.108714074143979 0.00342978166726844 -0.00369610227613756 2.04114621210985
-0.108869154566153 -0.00240323385469681 0.00667705336831157 2.05806683777169
-0.108965226507017 -0.00184661889794114 -0.00401476605523647 2.05713051627567
-0.109056894978535 0.0090580736799279 -0.000915620709181149 2.06540393927579
-0.109257824326819 -0.00763113571061337 0.000205880252747754 2.06952892592905
-0.109362901566911 0.00892295538533595 -0.00050186532196047 2.07759536955657
-0.109588947536375 -0.00222450045787721 -0.00808889449495837 2.07830686476447
-0.109802279824366 0.00613675254314504 0.00714221089777109 2.09472229779609
-0.110042174150169 -0.0123443023541895 -0.00100407590123101 2.08361236929228
-0.110102950909842 0.00637563809075839 0.00677545509583893 2.09806285632731
-0.110231393453088 0.00187797301498605 -0.00672021506868846 2.09469807202294
-0.110392610912649 0.00415126834016277 0.00459568219643089 2.10242070473296
-0.110562272869746 0.000233274647355657 -0.000924916649290324 2.10221551203095
-0.110690814675828 -0.00373478832083862 0.001423058929201 2.11032533492653
-0.110756386964734 0.00461244925024835 -0.00240922178481715 2.1226248379248
-0.110870296843075 -0.00250500332695145 -0.00148368477722748 2.13531300476518
-0.110944488014 -0.00165676130050658 0.0044165801417283 2.15706295348171
-0.110997166079966 0.000177993156076683 -0.00488746394557783 2.16025160925706
-0.111073811548216 0.00198989362988 -0.00325346000140185 2.16676221572416
-0.111209247339149 0.001461826465593 0.000876592034034064 2.17712322248097
-0.11134669572711 -0.00267917093457933 0.00302107535530957 2.18686022886459
-0.111428899676324 -0.00203922835142759 0.0046528338517026 2.19939446963994
-0.111473053723549 0.00418756086988697 -0.00313381286976152 2.20815121722664
-0.111604121149605 0.0102830829618072 -0.00520711158455038 2.21935821209759
-0.111852564104078 -0.00449740114904007 0.00507915748738927 2.21722760621266
-0.111979415414705 0.000793195455360398 0.00482552207538545 2.22879843324015
-0.112091256756149 0.00190444653352122 -0.00664181426869698 2.23574171337075
-0.112263615879138 0.000908281644641665 0.00362332036940474 2.24078515497375
-0.112426083988978 -0.00149589464783244 -0.000574604342419075 2.25286526847953
-0.112565252259129 0.00349975072975927 0.00329747627297644 2.26546110506169
-0.112727563165485 0.00124036509780515 -0.00248412459676886 2.27797098966582
-0.112902791620241 -0.00140526950243278 0.00413790056913152 2.29192306855964
-0.113033768190466 -0.00369434253553169 0.00301954826782888 2.29990370984574
-0.11311592784286 0.00330700700888331 -0.00342506861291971 2.30694438525479
-0.113254684190759 0.00261587210293639 -0.00087732616069589 2.31926352373847
-0.113415570172129 -0.000511196353953193 0.00593069260064452 2.32856860776107
-0.113518251181601 0.00339809567350834 -0.00175200298903566 2.33310289748858
-0.113655844371304 0.00239935056182197 0.00220236673636217 2.347088600563
-0.113789583446454 -0.00118030514343781 0.00368923897328468 2.35825225067524
-0.113883256223195 -0.000514614301135214 -0.000915542274552639 2.36700487835928
-0.113999195944166 0.00170180364844876 -0.00291264508491743 2.36811752113544
-0.114181468395724 0.00217297800041995 -0.0115753620199157 2.37363056695345
-0.114401674100555 -0.004031193311368 0.0078251969220208 2.38809894761441
-0.114517963136738 -0.00194523909182178 0.00179355901846753 2.401610104872
-0.114586224482598 0.00631542789195421 -0.000522803141883311 2.41027692373254
-0.114745307323542 0.000991078433141182 -0.00246012023455495 2.41245095423465
-0.114920325964121 0.000470938956046911 0.00206500649455878 2.43224397578497
-0.115082696976844 -0.0084253870151906 0.00441518487117313 2.4372945679371
-0.115128811910156 0.00107761884279712 -0.00240584455552429 2.45362911312474
-0.115212317416841 0.00168641605122722 -0.001499192649416 2.46774975491944
-0.115333634344562 -0.00162775895309075 0.00357720051222017 2.48313346404188
-0.115433074246479 0.000410541747524362 0.00148751576443108 2.49414187556864
-0.115523070046256 0.00380034622864766 0.00486885606916696 2.50721482430271
-0.115640560989383 0.00325420221386919 -0.00382708411782788 2.51616112463148
-0.115824682079422 0.00280414907057065 0.00168410071807319 2.52020459632574
-0.116031824313408 -0.00727279624428866 0.00109084039015643 2.52474472369861
-0.116141038090324 0.00140918632230003 0.00447851834875314 2.54345944262682
-0.116244214632517 -0.00206679434862806 -0.000265889314334517 2.56003269763051
-0.116326630456212 0.00328924233528079 -0.00269939814694699 2.58106784409691
-0.116438564232669 0.00411188372372818 0.00146508946406267 2.59201634320964
-0.116596534228911 -0.000634634500914446 -0.00473663060761044 2.59484729383916
-0.116726628865463 4.32419577635385e-06 0.00350679524414139 2.62059667730188
-0.116843008805368 0.00347868969612571 -0.00232259967413907 2.63981953971147
-0.117001890564223 0.000365239126458935 -0.00354830736527476 2.65261311691349
-0.117175235481488 0.0045806229130155 0.00189311113189929 2.66913736955918
-0.117350865522687 -0.00581590033852405 0.00380979225068659 2.68060401699002
-0.117424257267344 -0.000656237208663492 0.00620476396165601 2.70184739785027
-0.117471772969426 0.00392822639410082 -0.00967319620139506 2.71639731557433
-0.117606473305578 0.00228760207739331 0.0108137911162551 2.73396359871268
-0.117722245601511 -0.00809872895885849 0.000821446621171284 2.73814697096602
-0.117732139244466 0.00786683650014469 0.000564125926111406 2.76485619823318
-0.117836759515273 -0.00680740962881865 -0.00126853763550933 2.77303746160465
-0.117887179616156 0.00464867252361782 -0.0002042909808925 2.7970637308411
-0.11801581856991 -0.00663740510249377 0.00194706097903651 2.80532223629142
-0.118044088181478 0.00299797078799995 0.00563916783462435 2.82806271006539
-0.118086961654256 0.000539713847834909 -0.00132847744545137 2.84083557911193
-0.118155680758868 0.00306899676275609 0.00341756032757456 2.86016210190144
-0.118256171822408 0.00201021606090632 -0.00530819973644398 2.86711833161812
-0.118390590965282 -0.0065596259042558 0.00354689347625821 2.87836663265806
-0.118442856350976 0.00219916134575306 0.00304186439307727 2.88375005386855
-0.118489563799505 -0.00399786775521295 -0.00620400906327854 2.8848583758879
-0.118515901156205 0.00752947453562364 0.00249287326240336 2.90060936030408
-0.118634813977334 -0.00231729835373426 -0.00539955841823973 2.90096150046299
-0.118712963367818 -0.000639156352196256 0.0112092898371494 2.91454722949916
-0.118726538643599 -0.00783156978653437 -0.00448955278430127 2.9076973186662
-0.118664104495394 0.00810608985944659 -0.00291015395132332 2.92532349809025
-0.118731396739489 -0.0020312161170053 0.000108600753180507 2.92618740676613
-0.118795014022427 0.00509374360279503 -0.0030508118725131 2.94161892497672
-0.118938041917486 0.00326448343758242 0.0037120407046131 2.95651735507387
-0.119049469469964 -0.00809761945781208 0.00800260380868006 2.96218163173785
-0.118992374786286 0.00372061696314337 6.87640139827767e-05 2.97276315076557
-0.118995589199927 0.00773727326277289 -0.00976303912736863 2.97428755894804
-0.119163203048992 0.0042531252485714 -0.00493696248783701 2.98315939709894
-0.119413814227706 -0.00726087000119983 0.00619201874268915 2.98568607784183
-0.119520240522439 -0.0111519760699442 0.00751048404437892 2.99696104609594
-0.119440384697381 0.00664988569292303 -0.00143285242343748 3.01137403368764
-0.119454131233686 0.00783826080761502 -0.00683272447634499 3.0215274305207
-0.119607042772131 -0.003702982616524 0.00319431617827115 3.02569853584829
-0.119683736792985 -0.00582919642235753 0.00581013508262769 3.03949666487888
-0.119666673162599 0.00546221753705952 -0.00605473862585983 3.04577977577375
-0.119732691102124 0.0014328915317405 0.00255940785048458 3.055744904506
-0.119819484171179 -0.00280635818815745 0.00423309250494247 3.06493820301078
-0.119875712662374 0.00389050332572597 -0.000388239889991184 3.07164692124225
-0.119960687318438 0.00113030920843581 0.00185233616755382 3.07452960404372
-0.120047744207976 0.00206108163874014 -0.000414117554966469 3.0739961793082
-0.120122715488022 0.00238015285427356 6.40311446305866e-05 3.0838917842157
-0.120198053240414 -0.000112240450062054 -0.00141157152145599 3.09454943387533
-0.120275147437361 -0.00213892033935414 0.0033797631816231 3.10910733992679
-0.12031776111981 0.000658413384966825 -0.0031010196481845 3.12900175975264
-0.120379763546636 -0.00175300533334605 -0.00161979508991438 3.14270852453244
-0.120414744214457 0.00743057731070151 0.00442359523755671 3.16126014112277
-0.120501725177402 -0.00505799103977239 -0.00381611647394438 3.1662251950874
-0.120530756693365 -0.00115722447465871 0.00603914656418174 3.18972917391879
-0.1205233695866 0.00516595328089014 0.000102059636525674 3.20280968694154
-0.12055447774709 -0.000655735047888997 0.00079632319073258 3.22135496912814
-0.120593028443295 -0.000296000824941537 0.00184385490561727 3.23793860696524
-0.120613918480671 -0.000542302379448138 -0.00158229540424765 3.24972979594127
-0.120657961220114 -0.00154417537189097 -0.00110357231600014 3.26234852645912
-0.120718027214211 -0.000710299076391861 0.00109966837964022 3.28180768128309
-0.120781403106047 -0.00749416290710868 0.00480979720343329 3.29441389698245
-0.12073791715296 0.0042982969380123 0.00329070856523448 3.30681732292517
-0.120715772791931 0.00570615463488065 -0.0072567984876373 3.32111686937956
-0.120804129134218 0.00556776949158905 0.00253282024689549 3.33892609775248
-0.120961140725664 -0.003947402221488 0.00625261417864886 3.34102587088845
-0.121019203641183 -0.00322860363121406 0.00485782866867404 3.346947221887
-0.121022772916908 0.00122928217586693 -0.0046064324847607 3.3455565344975
-0.121060700502647 0.00209319782186319 -0.00050672461926228 3.35607335301567
-0.121142460140531 -0.00341832577231512 0.00127227720640976 3.35439147351565
-0.121168857610981 0.00120407959291925 0.00075574201509445 3.36632358281483
-0.121192468997402 0.00162154919324025 0.00441881912348135 3.37037339975968
-0.121232821703063 0.00104870978864411 -0.00200586340480481 3.36055263392812
-0.121302003249052 -0.000665893530153499 -0.00498334616740013 3.36638537912143
-0.121407011906232 0.00210530104860498 0.00524806445485279 3.37845997224208
-0.121491535201012 -0.00937623201019864 0.00219234905894569 3.37874742555158
-0.121453099457789 0.00522166665821273 0.00204670167090057 3.37904052023812
-0.121495545755377 0.00312435025161251 -0.0114770735731302 3.37472856528335
-0.121632685792507 0.001619946651826 0.00638376210824434 3.38076652705313
-0.121733248244214 -0.0112088866541124 0.00607533136770636 3.3792415435922
-0.121645766444418 0.00948459763760911 0.00254319482812589 3.38687629408853
-0.121645026151521 0.00232090736602782 -0.00444014414110632 3.37682885825049
-0.121677980040611 0.00461827219104673 -0.00104287543784627 3.38265464287036
-0.121751501941295 -0.000290620491938641 0.00262332492388581 3.3837812097083
-0.121784522667889 -0.00590927071262167 0.00451936412058278 3.37846624777373
-0.121719160975283 0.00603018517959862 0.000146449235000144 3.3825658759921
-0.121734813600707 -0.000390104928309011 -0.0040480437178399 3.37978423908634
-0.121772935215295 0.00665933663866774 0.00169078763354609 3.39501537133183
-0.121871002371427 -0.00623977100763482 0.00141688824003702 3.3975515601495
-0.121855638773333 0.00145051857387706 0.00652431409318633 3.41027005892421
-0.121821231176003 0.00404372200331908 -0.00762716752498755 3.42822736673504
-0.121864058279466 0.00712906680782901 0.00121114925373597 3.44415835080012
-0.121969394758456 -0.0111480334348803 0.00340498898994947 3.44536452663866
-0.121903409937337 0.00652042707313807 0.00374933092151471 3.46500757016988
-0.121908956984378 -0.00717351313877375 -0.00629666879477667 3.46905937984889
-0.12188666381376 0.00568886618468538 0.00546977129551618 3.49453232009352
-0.121964175517407 -0.00951965100508286 -0.00648327065888306 3.49715825328618
-0.121966554695716 0.00432489327118248 0.00682755928275793 3.52404025623787
-0.122004465507927 -0.00499947972476523 -0.0105249708803036 3.52869573780745
-0.122042566227274 0.0050267209982204 0.0123874219519854 3.55659567842976
-0.122093034336348 -0.00709120727228256 -0.00698566231993972 3.56142541080901
-0.122079381450711 0.0118481793286517 -0.00172246237000177 3.59821534617287
-0.122232546371709 -0.00897693701142518 -0.00366160299879284 3.60663450883
-0.122307839357757 0.00300581981371918 0.00299280308064525 3.63205142199325
-0.122403177037831 -0.00500067901261279 -0.00157084004572838 3.65229206551564
-0.122440642715342 0.00341484034759223 0.00433412018165744 3.67439126434351
-0.122506930182069 -0.00272910330896099 -0.00199440701405335 3.69313282351248
-0.122556479608757 -7.76057848019735e-05 0.00441660388872823 3.71138953890669
-0.122579120082508 -0.00563241939198435 0.000471697637653245 3.72327377937562
-0.122526833076864 0.00832184619509171 -0.00267962279543752 3.75297745133787
-0.122603686418798 -0.0032653635608804 -0.00303118176274509 3.76642201431017
-0.122647093329041 -2.61599042057238e-05 0.00364172054777596 3.78564197371761
-0.12266566270893 -0.00433587802630575 -0.00341393275207237 3.79630552113711
-0.122645988918872 0.00681155897733349 0.000604313712038481 3.81710725431406
-0.122717776511007 -0.00311373685144809 -0.00338387750632949 3.83007447751819
-0.122770740126134 -0.00123762893366329 0.00684777646919771 3.85740832169125
-0.122781215889765 0.00397987552778225 -0.00137058127515529 3.87428870372748
-0.12283764222353 0.00413762510936521 -0.00228585532458265 3.8863769610661
-0.122945115791977 -0.00158372026755892 -0.00147518607513152 3.91211350729757
-0.123016421665422 -0.0102699348140673 0.00931805429302557 3.93454059487378
-0.122932409080831 0.00481971551161626 -0.00101673476318428 3.94950385228747
-0.122899218207762 0.00922343826098097 -0.00932589535990564 3.96271357213015
-0.123039930869062 -0.00177936882933019 0.00159497927600927 3.98241554935222
-0.123134216591263 -0.00251393690917537 0.0073699188702473 4.0009166539275
-0.123153023922637 -0.000139619934097986 -0.000991664197915222 4.01398900069244
-0.123169441697799 0.00646715554120071 -0.00380364473698455 4.03437863721087
-0.123275231638331 0.000437845523816495 0.000701544434089877 4.05275631274743
-0.12336515867839 -0.00357194494066506 0.00220708099118944 4.06469178834297
-0.123369225269246 0.00548270010164886 0.00173583100753424 4.08237279819492
-0.123425675983231 -0.000454390902596778 -0.00222312243326191 4.09443425488984
-0.123468376046017 0.00619708722883603 0.00661148857958627 4.10773660210677
-0.123553412207763 -0.00457433840658888 -0.00382764776489771 4.11090953222753
-0.123592755862493 0.00604257987147648 0.00519148361212345 4.12963827411175
-0.123693767521778 -0.00374744795815217 -0.00899747120055028 4.1216258882463
-0.123763108770854 0.00156317902741144 0.00542817723214516 4.13432509044854
-0.123846520569627 0.00188404478841739 -0.00170896507257797 4.13086519284995
-0.123928273695306 0.00408889948893443 0.00228827270590386 4.1387693563576
-0.124060276178988 -0.00205719082951394 -0.00179459759835037 4.14386565328878
-0.124138719567036 -0.00151238662906219 0.0025666275818566 4.15982857180389
-0.12419717215079 -0.0019656140728978 -0.00360087841510189 4.16110227343419
-0.124236904970646 0.00778126244219468 0.000989304406650667 4.17007107686273
-0.124353310234746 0.000205190279090277 -0.00347891493220588 4.18483089952809
-0.124485904710115 0.0014414285803238 0.00481602216500415 4.19121070178412
-0.124610347660896 -0.00609859742538951 -0.00390917808269718 4.19220312990504
-0.124645525453192 0.00255872080227809 0.00617235976095951 4.21084495529337
-0.124702477973563 -0.001120964041862 -0.001729863334269 4.21288575706106
-0.124758289436383 0.00510328974957068 0.0024551130468459 4.21991799763648
-0.124866565104503 -0.000162535518107086 0.000488095408868527 4.22295672922806
-0.124955455830748 0.00379384955139614 0.00246385628593908 4.2235606810895
-0.125063173189636 -0.00172036818306969 -0.000653128827063394 4.22596238606788
-0.125167662980254 0.00212211942501873 0.00119476797135348 4.22061982997391
-0.125269207148865 -0.00265759836136011 0.00160798484645606 4.22540050629273
-0.125336047660538 0.00653465315935108 0.00143161365513637 4.2264909997143
-0.125489564188248 -0.00671989431417515 -0.00874658855184925 4.21517667514757
-0.125591559155937 -0.000708464315624152 0.0145241604429255 4.22357137812846
-0.125655805487666 -0.0110359008660204 -0.00771875001584863 4.20171112160426
-0.125611295712053 0.013465904960163 0.00132994474183749 4.20779252410479
-0.125759484208061 -0.00301106442216574 -0.0114454121017706 4.19414668546032
-0.125908735155633 0.00125726128084415 0.00651556778680685 4.19830677210653
-0.12605080938479 -0.00725935378178428 0.000271732187326137 4.18375889728574
-0.126078377432264 0.000660314963152201 0.00583586630046594 4.17549474549761
-0.126090638945952 0.000339888904699429 -0.0046895435702008 4.16609958034811
-0.126150309220563 0.00120285577089342 0.000854129434478153 4.16436683725065
-0.12624526704927 0.00394114142189058 0.00145413811754348 4.1685848270716
-0.126362135107897 -0.00295058829075993 0.00123509158170524 4.15825596671334
-0.12642897711498 0.00231466570635266 0.00288691545607069 4.15647103569834
-0.126492286127182 0.00354904151626198 -0.000966329766552802 4.15276646672499
-0.1265735349343 0.000422558048634511 0.00337558636374488 4.15063576156296
-0.126626186499873 -0.000134609031100767 0.00330518825924011 4.14067967190737
-0.126644363942973 -0.000541012305938532 -0.00124027366729797 4.13006455239752
-0.126656807303011 0.000680184081362936 -0.00180389588487887 4.12748742159919
-0.126713692495645 0.00494124722983998 -0.00392228852666497 4.12619468501407
-0.126845272383043 -0.00328876810501018 0.00100328261897197 4.12790199409367
-0.126922926921374 -0.00538867453333259 0.00618605220452389 4.12068356871499
-0.126908814521813 0.00255828084422914 -0.00243803452683432 4.11936436704816
-0.126943643445118 0.00768420956075075 -0.000479449354981717 4.1228984449857
-0.127078885284696 -0.00023206048420045 0.00147951795740353 4.12494729907528
-0.127168554023462 0.00293301439312705 0.0139919493400136 4.13390057452455
-0.127204614072964 -0.00837885828482361 -0.00231406270795285 4.11780808422176
-0.127137228558933 0.0123663470536675 0.0031036054411082 4.12719571141903
-0.127229701784501 -0.0018335737187236 -0.014733927767399 4.10777177649863
-0.127369946353112 0.0056188600326649 0.0101557685669025 4.12489272890424
-0.127524386375449 -0.0100188597122014 0.00118143745618703 4.1218850377731
-0.127528328408231 -0.000225017000460449 0.00593496769348008 4.11753691475332
-0.12752134990993 0.000336992704621827 -0.00444323530460505 4.1151737606625
-0.127558948639848 0.00700229397872264 -0.00271510944565721 4.1153613353605
-0.127717776100279 -0.00306618722611783 -0.00259531589051581 4.10687693001604
-0.127834068863549 -0.00294783182679107 0.00851029811006085 4.10195969902907
-0.127849855582419 0.0017535401983474 0.00207930276480112 4.09211159094537
-0.127870888026945 0.00280060072112662 0.00164607175105113 4.07920771106174
-0.127949090930582 -0.00231981382165104 -0.00567840935787277 4.06764482708186
-0.128030081605039 0.00310363642803265 0.00287527639402436 4.07014267967458
-0.128119558794037 -0.00399970226147081 -0.00229697900208504 4.06536230260297
-0.128169569899816 0.00433664199915395 0.00351484234524389 4.0575176965542
-0.128257339144466 0.00120217838454923 -0.00677700739473596 4.05278753778724
-0.128374268333944 0.00468698180397423 -0.00166948685637982 4.0659684158855
-0.12856917339758 -0.0032332163301978 -0.000442189102571882 4.07121681758423
-0.128690810769692 -0.000893296253250373 0.00493066471159414 4.07945627477942
-0.128743819551501 -0.0031239447406756 -0.00144325943738513 4.08584432073829
-0.128769397244764 0.00651193947405179 -0.00828016544385027 4.09960459603026
-0.12890064770443 0.000642826530912807 0.00132168304401337 4.11032276732536
-0.129011449921807 -0.0050083386629011 0.00324107796498527 4.12698485362956
-0.129038041174028 0.00444180330876584 0.00581833862336209 4.14791122884114
-0.12908366713684 -0.000199101862409179 -0.00515781591385066 4.15162450413162
-0.129122119085325 0.00679895014253161 0.00392047682087702 4.17618032057764
-0.129252062414609 -0.00156978906519857 -0.00665181919859404 4.1806207391445
-0.12935008673588 0.00408878302392385 0.00771786700408413 4.20875281132747
-0.129437882176193 -0.00753157252421596 -0.00295497930885472 4.21950378054064
-0.129425936119422 0.0070729577844656 0.00798020469521193 4.24042563146212
-0.12946297877948 -0.00100305261997101 -0.00621054371989725 4.25203230880802
-0.129483871285865 0.00993349074989618 0.00533242562825768 4.27696799144102
-0.129605304056783 -0.00867301533401741 -0.0091775986664364 4.2807667244321
-0.129677398974544 0.00902214710551834 0.0091468159472859 4.31081712937555
-0.129830952958682 -0.0136691843939201 -0.00670963767684135 4.31498251321488
-0.129858486935642 0.00632179059929237 0.00900811070137034 4.34449709591321
-0.129956928758635 -0.00731710526063456 -0.0113659518533925 4.34194450698308
-0.130014672295648 0.010641694552221 0.0060337873673853 4.37046921038765
-0.130179535921415 -0.00395339416784675 -0.00324324937478315 4.37563214687746
-0.130291046243224 0.00681328210164408 0.00279334823220049 4.38563003894919
-0.130455631733837 -0.00290888823193371 0.000933165993802889 4.39614855226727
-0.130569947393068 0.000942839936976524 0.000872916900137588 4.4035688161187
-0.130671782688591 -0.00717483240838098 0.00271051839823902 4.41250459753618
-0.130693777033619 0.00355282276290534 -0.00118546625549711 4.41917581809516
-0.130783928772812 0.0036302545078691 -0.00141732112112242 4.42750285831805
-0.130918529111122 0.00130566438678489 0.00407627699247735 4.43956259659807
-0.131025807155632 -0.00138853429336964 0.000696555406080289 4.45134201741749
-0.131093191779624 -0.00113329189304714 0.00264865398372538 4.45981212508194
-0.131161718255868 0.000557639641206335 -0.00827230006679701 4.46183900873028
-0.131275511364026 0.00643746743382847 0.00232766940062359 4.47915105790107
-0.131470627320225 -0.00648278719544437 -0.00396818501290339 4.47799708042063
-0.131589846862644 0.00816153308898516 0.00236495123381544 4.49742470904815
-0.13178858493184 -0.00893592459169425 -0.00431451855137418 4.49149166494512
-0.131879223725871 0.00152721708218562 0.00667930777475007 4.49808211555179
-0.131971580716173 -0.00200882330891228 -0.0106736028200415 4.49761138450066
-0.132096203964567 0.00576768409046795 0.00240483330445085 4.50244886397865
-0.132276244421259 -0.00684926594380655 -0.00205885613900371 4.50438468734885
-0.132382965669034 0.00171281791071188 0.00933918329831146 4.51225969887004
-0.132471774779553 -0.00192247166371707 -0.00904575256534226 4.51228920849195
-0.1325637170969 0.00390408567592137 0.000335927168468789 4.53123049362353
-0.132704359628162 -0.00193089630680557 -0.000613318222452633 4.53164729385841
-0.132810349290001 0.00259602967211514 0.00191133004711777 4.53536702678251
-0.132924977631271 0.00435181543974268 0.00655528011351535 4.53734768209414
-0.133043522444841 -0.00604288419980475 -0.00443584441429302 4.53796292248812
-0.133134239135176 0.00754532623286242 0.00309052423129991 4.54770967528073
-0.133314196343269 -0.00953113156295951 -0.00264145976567544 4.54401249048948
-0.133393378716023 0.00588390241726422 0.00412254128788273 4.56026945147711
-0.13354946494553 -0.00199558439265742 -0.00470521949689934 4.5526166222537
-0.133707399699828 0.00484327386923281 0.00508669155632531 4.56721652769769
-0.133909629429665 -0.00591081648775043 -0.00354897232085152 4.56011314409275
-0.134047098619845 0.00634261286471339 0.00656040141490597 4.56591638633602
-0.134206403840283 -0.0100697162890998 0.00113405389968484 4.55877050103501
-0.134223005870533 0.00424047826821075 0.00630278446174287 4.57072357048661
-0.134301774204465 0.00533335785013893 -0.0126370906294791 4.56147385017974
-0.1344845971866 0.00404092140213476 0.00410294505067377 4.56590710938195
-0.134700460965883 -0.00544256906944851 -0.000704918668225862 4.57582311018067
-0.134845975797474 -0.00114611586193334 0.00447025146989662 4.57663639855854
-0.134950922949385 -0.00463168455392077 -0.00207988701924015 4.57838036250651
-0.135001440324025 0.00422213852639383 -0.00231583499169977 4.59046273137206
-0.13513243123823 -6.72484136516584e-05 -0.00628734854336023 4.59615912510589
-0.13529944595427 0.00277566666503359 0.000423660949481949 4.60322355800828
-0.13549661336367 -0.0026825774058088 -0.0018663681093404 4.60637818408898
-0.135614038788779 0.00812629448100277 0.00522762820202763 4.62155882199865
-0.135771343272822 -0.00621593479486362 -0.00613806207631036 4.61971954751662
-0.135866564126589 0.00480937275989216 0.00518979007588963 4.63953233565862
-0.136021490995962 0.000896286589740745 -0.0077759030277718 4.63535143134601
-0.136177163115573 0.000686605303053127 0.00615483225417691 4.63741471293928
-0.136299653405171 -0.00370549383533552 -0.00515881061014079 4.63033888887055
-0.136398021301112 0.00629364589766636 0.00337272634524096 4.62801885197341
-0.136528993130905 -0.00229075652728104 3.35007893604623e-05 4.61304920991564
-0.136625060289934 0.0110842776325763 -0.00137481774874861 4.6161541165573
-0.136835546229595 -0.00510778715493965 0.00287462352520141 4.61231298075793
-0.136936421991686 -0.00219448697106418 0.00508780917024272 4.61260806146326
-0.136981055452856 -0.00190743375386577 -0.00378867592134874 4.60636425017131
-0.13700649670276 -0.000717421867321904 0.00299570263657876 4.60893376617117
-0.137031769358449 0.00417863791094855 -0.00413134219799158 4.60504008330204
-0.137120528954495 0.00162208419614088 -0.000324868587383083 4.60591677846563
-0.13723644413782 -2.46452514974773e-05 0.00254711697899555 4.61066490412331
-0.137355701976972 0.000954237081186131 0.00357848226937031 4.6121199938155
-0.13747042254623 -0.00221745825470615 -0.000246861976526082 4.6127980584837
-0.137550465141605 0.00238662006853393 0.0013209084888506 4.61143732321333
-0.137626919098359 0.000269563733592692 0.000427207076500776 4.60742330582782
-0.137706283745192 0.00370521371447045 -0.00606532946831495 4.60557501401542
-0.137835095816324 0.00168399795054314 0.00182557159804238 4.60842246109139
-0.137965239036055 0.00202275669999057 -0.00579051712549309 4.60716504133611
-0.138118445009912 0.000988484649738623 0.00253587322383891 4.61655305785422
-0.138241179582765 -0.00621200433230421 0.00265774793613219 4.60149229424915
-0.138239180040307 0.000366201877801729 -0.00346861960098462 4.59948500033243
-0.138281653594651 0.00113978870736187 0.000309585411502044 4.59643399499563
-0.138346115811735 0.00365857100254067 0.00295062534040113 4.60257736355258
-0.138445038774559 -0.000230187837151658 0.00309441319012809 4.60108072972816
-0.138503438678398 -0.0020534673719141 0.00991010963563506 4.59583582275452
-0.138494154785112 -0.00205542606965636 -0.00103321428456013 4.57644875774154
-0.138440139351469 0.00165008879224025 0.00721871737657251 4.5700516032482
-0.138422237303257 -0.00135707029994627 -0.00900058133817714 4.54966601530605
-0.138455196799336 0.00712771479027139 0.00319511530017683 4.54422433784326
-0.138573908589138 -0.00565534989501865 -0.000489042605292868 4.53080014065136
-0.138609571604843 0.00997117452228237 0.00406111887694642 4.52870364735346
-0.138702315086619 -0.00344449587364078 -0.00342349096604885 4.51690241078751
-0.13873363838478 0.000564557104107362 0.00559218997879122 4.50993379079831
-0.13874736327921 -0.00344280462219517 -0.00768656618261515 4.49393641777503
-0.138742621127844 0.00524339349245137 0.00290727519719653 4.49918631028365
-0.138775606585845 -0.0083558861719491 0.00170486306930497 4.49419670876742
-0.138689493531424 0.00144943792037731 0.0128576491251908 4.49961501638901
-0.138599126716931 -0.00276696317177836 -0.00752327301331403 4.47615112431219
-0.138534327200232 0.00639540113221875 0.00415727949658733 4.47554518759752
-0.138536832694017 -0.00204637293393552 0.00103928044312373 4.46180556345888
-0.138485316927158 -0.000881556163062118 0.000492172098807728 4.46326913852136
-0.138428672523878 0.00311222054915554 0.000857501788715789 4.46267892113448
-0.13841572634621 0.00573786377885899 -0.00309078957045658 4.45442259252005
-0.138467198977416 -0.00235660835797143 0.00196105614537278 4.44824379072681
-0.138461843389111 -0.00143029579102591 0.00668812431719252 4.43879597817794
-0.138406182159137 0.000321652978413318 -0.00509993300153218 4.42262381486348
-0.138411714706392 0.00126795973146372 -0.00118922517093591 4.40960628639111
-0.138447913952179 -0.00325830098100404 0.00794976675076242 4.39719081288334
-0.138416245643314 -0.00510138440385941 0.000786836860212012 4.37552825823058
-0.138300040574203 0.00743497972164714 0.00312916313700998 4.36853507201747
-0.138257161230671 2.17926893308992e-05 -0.00184325448302852 4.34587649102889
-0.138258012141307 0.00784805324739233 -0.00155572907202045 4.33366622276759
-0.13834586227095 -0.00642379550425124 0.0025249613605596 4.31315727009582
-0.138325147987483 -0.0033834376262449 0.00546532377120572 4.28938164679519
-0.138209871755989 -0.00510010924515325 0.00146855602723573 4.26964850082597
-0.138058710466003 0.00520215912200788 0.00311088454028894 4.25129213941562
-0.137997565745153 0.000623663477652983 -0.00509317039268197 4.2251948615193
-0.137989685125709 -0.0040354262945032 0.00964911905243489 4.20261693270731
-0.137920859055421 -0.00345097992677455 -0.00181869013434419 4.17679778668476
-0.137807702063356 0.00393673106129901 0.00281098444451738 4.1613201275979
-0.137748206383379 -0.00426826074447899 0.00299759592677733 4.13033088223788
-0.13764251778623 0.00182703473071218 0.00351820129916831 4.10310018998998
-0.137577933709092 -0.00787966324751989 0.0022025465337283 4.06683825790522
-0.137433212541903 0.00619105485056055 0.00485340250540742 4.04734343141079
-0.13736762390563 -0.00476604740116558 -0.00101808727304362 4.01640738978515
-0.137256751307359 -0.00121451552299663 0.00958806059974539 3.99433174768551
-0.137147866322191 0.00593152971686897 -0.00450602069119316 3.97396016154093
-0.137156684526893 -0.00375097922677634 0.0118825470489627 3.94939410866991
-0.137107372905719 -0.00545248902546465 0.000908878697980442 3.92274675481074
-0.137010961298777 -0.000605760304013671 0.0121851082646514 3.89314832857008
-0.13692302468509 -0.00649468836808645 -0.00515657763724587 3.84818829055144
-0.136828997919585 0.0133947891285034 -0.00078463809835244 3.82599401009682
-0.136881978899258 -0.0138168610301583 0.00457317663861289 3.78690596381611
-0.136769153760722 0.0053539853879928 0.00555566359125512 3.76146526415463
-0.136743537792548 -0.00207833752649022 -0.00381145194553052 3.72082630422362
-0.136719789966573 0.00163504818538999 0.0084797846192175 3.69510178913808
-0.136709870823344 -0.00285040368276294 0.00302916775945935 3.65106104613103
-0.136660486744924 -0.00579894334407554 0.00467237198078122 3.60922653463039
-0.136551126672212 0.00816143150926087 -0.000733554410390524 3.58291099253274
-0.13655369732272 -0.00104824375063632 0.00324329071110288 3.53390023090062
-0.136515245432581 -0.00402329725606888 0.00666298781647792 3.50681146871088
-0.136458302604888 0.00854448605541652 -0.00434407047160459 3.46337309100601
-0.136509419385158 -0.00560663916095205 0.00781573121782756 3.42816192165203
-0.136484107323776 0.00150942216381096 0.00491982717418088 3.39090537801527
-0.136437779886338 -0.0077402346910348 0.00374510824710977 3.36039803864764
-0.136306922703738 0.00875191742684195 0.000896171729688301 3.34225738730028
-0.136320530227706 0.000981069943377646 -0.00202813466094539 3.31464670763468
-0.136369714324893 -0.00415011297518405 0.00922473165747531 3.30029296983584
-0.136370463885722 0.0039033189626619 -0.00364007691534477 3.28556578943528
-0.13642785704367 0.00451773397055352 -0.0052872025384717 3.27049251369192
-0.136565368370624 0.00150208416607196 0.000336898796138768 3.26165507482171
-0.136720015295929 -0.000655790777165228 -0.000430445311553229 3.24910429681217
-0.13682176560659 -0.00530088344240003 0.00967221753056197 3.24240628214949
-0.136787993480488 -0.00203865784287428 -0.00402278954183532 3.21881645542887
-0.136748271354758 0.00591844735793995 0.00168660833900348 3.20926409257157
-0.136815431213021 0.00117166794516677 -0.0052344080739239 3.18774452798143
-0.136941352367532 0.00257704010911692 0.00228165653095497 3.17331999997633
-0.137049715784491 -0.0118590657367078 0.0129499835907 3.15877068108362
-0.136964794274924 0.00779133338410799 -0.00347452432360347 3.14365733871571
-0.136975727795107 0.00114888218972337 0.000133879684220804 3.11570294704181
-0.137010595710394 0.00169277812390405 -0.00340175912891533 3.09582831830833
