# Fix print output for fix def1
-2.84228358779292e-15 -0.0137568347629363 -0.00467474193344557 -0.00514968545670347
0.000199999999997278 0.00966797799937253 0.00671686168567368 0.028138860777357
0.000399999999997042 0.00887561440497901 0.00996533092709649 0.0564419404784185
0.000599999999997162 0.00654611809535809 0.00106262473436926 0.0904183853800063
0.000799999999997282 0.00444054532691136 0.0157313807404177 0.117023168252476
0.000999999999997047 -0.0016428907109809 -0.0067452784999363 0.134574757836601
0.00119999999999717 0.0100011142589209 0.000889574226103576 0.161135226900564
0.00139999999999729 -0.00154950352337766 0.0017623479087968 0.186191890001984
0.00159999999999705 0.0126578364208659 0.0120769466230137 0.226512690939832
0.00179999999999717 -0.000197870858346562 -0.0101661534423959 0.235733758368009
0.00199999999999729 -0.0127039714670651 0.000561412997895882 0.253941907571673
0.00219999999999706 0.00381566124472848 0.00386029956822373 0.286072682881972
0.00239999999999718 0.0118860894428541 -0.0036564097275786 0.319768310230707
0.0025999999999973 -0.00416923689444466 0.00715022800339662 0.346302073893315
0.00279999999999706 0.000963655811340045 -0.00137153280779749 0.373183474686759
0.00299999999999718 -0.00292121937930281 -0.00164033023995878 0.389272457057837
0.0031999999999973 0.0173067196153935 0.0245406561536227 0.444470139110359
0.00339999999999706 -0.00456582074916983 -0.00669296988259219 0.442051012698328
0.00359999999999718 0.0176276231915259 0.0148207520456394 0.485928656198783
0.0037999999999973 -0.0218514309833113 -0.0280700639662748 0.486040343003211
0.00399999999999707 0.0028777154162455 0.01442651660163 0.539204841314612
0.00419999999999719 -0.00771759845064897 -0.00584344472966821 0.554092445885177
0.00439999999999731 0.00462136011869821 0.0121297492281743 0.59476799403828
0.00459999999999707 -0.00971822965540911 -0.0116297142903204 0.603992369643981
0.00479999999999719 -0.000359223531892917 -0.000684928572965449 0.641033389104823
0.00499999999999731 -0.0026137090355368 -0.00256731229734915 0.664429728360576
0.00519999999999708 -0.00832158528922106 -0.00590623322614468 0.68233290135968
0.0053999999999972 0.0110628248711756 0.0115376200206123 0.726990515815999
0.00559999999999732 -0.00162384099088445 -0.0020822691474205 0.735810801635839
0.00579999999999708 0.00673909398763267 0.0128272609359373 0.775499699224354
0.0059999999999972 -0.00114017696129763 -0.00841170397198461 0.792373636568675
0.00619999999999697 -0.00739169852158275 -0.00387385378453877 0.819908066914389
0.00639999999999709 0.00505524861058018 0.00804465557833208 0.84648489266372
0.00659999999999721 -0.00604132961457476 -0.0013971999144306 0.876424211976681
0.00679999999999697 0.029962205379871 0.0104380605443153 0.913468019983069
0.00699999999999709 -0.00187523685100563 -0.000243986192782268 0.934304775400317
0.00719999999999721 -0.00620843208213095 0.0170442414051109 0.964639534750443
0.00739999999999698 0.013691150806333 0.0120469502061271 0.99300494404341
0.0075999999999971 0.00111705655997378 0.000160915431458451 1.01020854126847
0.00779999999999722 0.0107425898291102 0.00749140401754298 1.04252594624784
0.00799999999999698 -0.025994105931758 -0.00843587868944129 1.05429849784118
0.0081999999999971 0.0173143989909502 0.0101372146911726 1.10039413717963
0.00839999999999722 0.0166325289882714 0.00272620132555453 1.12618078040855
0.00859999999999699 -0.0172459298421646 -0.0150342485915819 1.13073717504482
0.00879999999999711 0.00382749690865337 0.0106249955214442 1.17448797506578
0.00899999999999722 -0.0194351513208956 -0.017983580995259 1.18890998705519
0.00919999999999699 0.0259956798544427 0.0213495071113303 1.24274466843046
0.00939999999999711 -0.0138775692237287 -0.0269024445186805 1.23788985019573
0.00959999999999723 -0.00263234754897094 0.0124141792261651 1.28443553875004
0.00979999999999699 -0.0052319986119217 -0.00384676887136762 1.29637612878327
0.00999999999999711 0.00900500844074668 0.00176419926562987 1.3392054989257
0.0101999999999972 -0.00736489281674194 -0.0130118988821886 1.3537929532937
0.010399999999997 -0.00533183322462321 0.00447072333129374 1.39150164213282
0.0105999999999971 0.0033730364395473 -0.00172806171880147 1.41227836056429
0.0107999999999972 -0.000936304349135831 -0.0138701636870808 1.43282879304011
0.010999999999997 0.0113247376135851 0.0234178398507738 1.47730913519685
0.0111999999999971 -0.0017986268106093 -0.00106336000781043 1.48948491293251
0.0113999999999972 0.010262376138561 0.00887459233846875 1.52614784809838
0.011599999999997 -0.000488264452737185 -0.00107745137832193 1.54072557382457
0.0117999999999971 -0.0113108876975968 -0.00755300118073754 1.55840815076713
0.0119999999999972 0.0116048378495173 0.00664631704239386 1.59583957228676
0.012199999999997 -0.0125135985206451 -0.0116240228015982 1.61942531518539
0.0123999999999971 -0.00178921699552915 4.51123149092309e-05 1.64805615301363
0.0125999999999973 -0.0124823516452414 -0.0141722773095929 1.6659643302122
0.012799999999997 0.0140810120515072 0.0325354376150681 1.71403710609554
0.0129999999999971 -0.0219749416039879 -0.0284101156031877 1.70398903009525
0.0131999999999973 0.0170826517161212 0.0179504715530393 1.76837032583
0.013399999999997 -0.0219326395198692 -0.0120586623765703 1.77058237875103
0.0135999999999971 0.0238949781347585 0.0173469707172753 1.8226126351051
0.0137999999999973 0.00626633119146891 -0.00496386626907624 1.8308174589454
0.013999999999997 0.00296407768279363 0.00878040462221783 1.86039259643495
0.0141999999999971 0.00260556156461489 -0.00258140131030641 1.88529274189532
0.0143999999999973 -0.00353494064080798 0.000225868182926349 1.91386890879247
0.014599999999997 0.00768018832674218 0.0111053214023301 1.94540074440071
0.0147999999999971 0.00764182002595835 0.00306149714769686 1.97034510413464
0.0149999999999973 -0.00372981832939155 -0.00296490764585588 1.99448765006394
0.015199999999997 -0.010571636069797 -0.00419738448731224 2.01531014690105
0.0153999999999972 0.00324211323223934 0.0155053283662671 2.04940147082466
0.0155999999999973 5.44990777400695e-05 0.00130088692695904 2.0710610696162
0.015799999999997 -0.00116382847879835 -0.00785347960943894 2.09075471473687
0.0159999999999972 -0.00301546267887431 0.00945134900636998 2.12609740436876
0.0161999999999973 0.000293790393076277 0.00374750048480046 2.15684296702666
0.016399999999997 -0.00444085378752034 -0.00270573243220529 2.17433740915261
0.0165999999999972 0.00762437379434297 -0.00129228842008786 2.19583794438319
0.0167999999999973 0.00129902797967265 0.00450995815830736 2.22690191953296
0.016999999999997 0.00698300590568727 0.00556587744266007 2.25762507988456
0.0171999999999972 -0.00123487786522591 -0.00158195761672853 2.27568505991757
0.0173999999999971 0.00372467264109492 -0.00288672844791615 2.30144454796108
0.0175999999999971 -0.0145780151324925 -0.0134327958578081 2.31462209610022
0.0177999999999972 0.00891573739928299 0.0114751742614533 2.36860933576539
0.0179999999999969 -0.0040745013730974 -0.0026811770432298 2.37785843321036
0.0181999999999971 0.00567504980689186 -0.00591954897616812 2.41227909987181
0.0183999999999972 2.19503811291333e-05 -0.000935817331129724 2.43358465453201
0.0185999999999969 -0.00786482202472789 -0.00108737138307132 2.45712101685259
0.0187999999999971 0.0213416307666685 0.0209085591616465 2.50514937645758
0.0189999999999972 -0.0180522168254359 -0.0174906846290438 2.50582600570753
0.0191999999999969 0.0169029789038699 0.0140830024146004 2.55700761048104
0.0193999999999971 -0.0243331885099253 -0.0225383945545672 2.55306250750673
0.0195999999999972 0.00917500374783117 0.0162448473271203 2.59786866908041
0.0197999999999969 -0.0298988768817044 -0.0302101881744812 2.59754435280426
0.0199999999999971 0.0163608311662902 0.0127507752714842 2.65375113339483
0.0201999999999972 0.00443876441223081 0.00485464679472542 2.67091464587773
0.020399999999997 -0.0160701093029666 -0.00846714261650985 2.68320044126647
0.0205999999999971 -0.00840343569339508 -6.22409673278294e-05 2.71361601167118
0.0207999999999972 -0.00093187701554341 0.000923454324931277 2.73818939606296
0.020999999999997 -0.000482463782295912 -0.00189003061518904 2.77061715352128
0.0211999999999971 0.0192149008355087 0.0261673806545874 2.81111038626352
0.0213999999999972 -0.020595198737356 -0.0323311910314923 2.80194277909364
0.021599999999997 0.00825494796645066 0.00831169817490833 2.85124180581608
0.0217999999999971 0.0162376171627263 0.00503047853845097 2.88220591235931
0.0219999999999972 -0.00307938646924422 0.00995532724225971 2.89440814979219
0.022199999999997 -0.00386825352731884 -0.00127129375642096 2.92347648150554
0.0223999999999971 -0.00986353557627826 -0.0182466421514163 2.93653454565148
0.0225999999999972 0.0146550867141421 0.0182166830314923 2.98546115795181
0.022799999999997 -0.0180656458116038 -0.0169916662956741 2.98202818348448
0.0229999999999971 0.0117703336369928 0.00402947375891314 3.02925693896687
0.0231999999999972 0.00610702166936185 0.0025299211290247 3.05402591373238
0.023399999999997 -0.0023811498311424 0.00162847797259802 3.06977599054607
0.0235999999999971 -0.000386013993702296 0.00382358824983719 3.1082595260603
0.0237999999999972 -0.00313683697298326 -0.00110304792449816 3.12943022117898
0.023999999999997 0.0152067668424026 -0.00615203794806494 3.15103879545464
0.0241999999999971 -0.00143410572799697 0.00116847059206215 3.1800794863162
0.0243999999999972 0.000599826008520042 0.0121182066708637 3.2117682488102
0.024599999999997 0.00797374849963196 0.00688141516431683 3.23159454217451
0.0247999999999971 -0.010510479954055 -0.0156661791867856 3.24549080696958
0.0249999999999972 0.00263181317918916 0.00741093410148757 3.28491123885574
0.025199999999997 0.00267894173306929 -0.0044770833563428 3.30409506659723
0.0253999999999971 -0.00514319188056833 -0.00267553661385533 3.32308946296172
0.0255999999999972 -0.00585655951459094 -0.0107613034151073 3.3447199645955
0.025799999999997 -0.00180706130594354 -0.00370899894854248 3.37841790790125
0.0259999999999971 0.0057095807380212 0.0104146437435149 3.40880723771132
0.0261999999999972 -0.0182688515168943 -0.00757777796148012 3.41226513738756
0.026399999999997 0.00649610405248554 -0.00817563042191306 3.45343467541241
0.0265999999999971 -0.00865435909979703 -0.00812504231030881 3.47262849511135
0.0267999999999972 0.0002637588339796 0.00880055537427764 3.50169287235413
0.026999999999997 -0.000650159611071445 -0.000307686346811476 3.52738103513186
0.0271999999999971 0.00864814064599054 0.0142717534444609 3.5525690264369
0.0273999999999972 -0.0103274441374319 -0.0173525554607806 3.56210448538084
0.027599999999997 0.00223817183162219 0.00423216656899603 3.60643176602923
0.0277999999999971 0.00369049010508621 0.0102737739546186 3.63356708121199
0.0279999999999972 -0.00336293328095332 0.00580627996604479 3.64640927463132
0.028199999999997 0.00126551631468685 -0.00307297688443369 3.66885212978099
0.0283999999999971 -0.000487354220140591 -0.000881963072822771 3.69493328378163
0.0285999999999971 0.0126046207362629 0.0126763798836703 3.73173207916331
0.028799999999997 0.0156725261878411 0.0124986123723545 3.76084574571402
0.0289999999999971 -0.02239834436284 -0.0171172110741824 3.75801548499589
0.0291999999999969 0.00157511794354449 -0.00853767234329446 3.79426853899854
0.029399999999997 0.00550641628302796 0.00683687809099098 3.82350794913142
0.0295999999999971 -0.00234212367536255 -0.00573332619711755 3.8468607688466
0.0297999999999969 -0.00974329776425624 -0.0107945881310829 3.86398708096106
0.029999999999997 0.00266956784257474 0.00270029293281783 3.89368841070278
0.0301999999999971 -0.0161543505028775 -0.0193230623032726 3.90957309450759
0.0303999999999969 0.0159235706551255 0.00720134890514723 3.95308720406157
0.030599999999997 -0.0105222571278085 -0.00322631967148203 3.9656152947032
0.0307999999999971 -0.00664112562479513 -0.00182513923184594 3.99228881590463
0.0309999999999969 0.0188312747242948 0.0110845070617638 4.02106235220954
0.031199999999997 -0.00189915197117816 -0.00971365956752526 4.04151130977959
0.0313999999999972 0.00936356346277446 0.0100210101603165 4.06432065623674
0.0315999999999969 -0.00613450337166743 0.000971950808278347 4.08298534504111
0.031799999999997 0.0173595027367866 0.016583010009346 4.12585824953158
0.0319999999999972 0.00432179116654812 0.00221096159715933 4.13937908989836
0.0321999999999969 -0.0100788811570763 -0.0104709123499611 4.15082808225202
0.032399999999997 0.0128145923733657 0.00855482365479385 4.18930718862388
0.0325999999999972 0.000177043194262593 0.00317957889699566 4.20764544164917
0.0327999999999969 0.00850246483339649 0.00239307526959706 4.23387054003533
0.032999999999997 0.00221734030984995 0.00131846927277591 4.25591576379056
0.0331999999999972 0.0100275828197465 0.00499195193164637 4.28736492269849
0.0333999999999969 0.0024738980578707 0.0126128043848581 4.31597964661772
0.033599999999997 -0.0209502093817931 -0.0143336209191994 4.31612818582108
0.0337999999999972 0.00521184676714397 -0.00169894296685687 4.35855419532178
0.0339999999999969 -0.00360148366973895 -0.0107312487457399 4.36754367754895
0.0341999999999971 0.00381348071614853 0.00476098109943979 4.39941884243719
0.0343999999999972 -0.00253562795669172 0.00574944604648936 4.42421992764643
0.0345999999999969 0.00685998587660126 0.0104103252072472 4.44822514007782
0.0347999999999971 0.010356048658475 0.00381307455859022 4.47514397816734
0.0349999999999972 -0.0158581839065839 -0.0136389883275159 4.48543444539536
0.0351999999999969 0.0219451976045783 0.0287408557031148 4.53850898137086
0.0353999999999971 -0.0199431178404488 -0.0124519905480802 4.53478334380371
0.0355999999999972 0.0212579226761627 0.00622254654709429 4.57517402842868
0.035799999999997 0.00959742399952471 0.00514901607055928 4.59488850690341
0.0359999999999971 -0.0231009905812316 -0.0125744859717502 4.59843945282224
0.0361999999999972 0.000478997672450164 0.0157962518864044 4.6387465050886
0.036399999999997 -0.0145539274349086 -0.0207585572350384 4.64975075087318
0.0365999999999971 0.0200684520054812 0.013911235936191 4.6928244332704
0.0367999999999972 -0.00967807907272162 -0.00270428075047355 4.69992899707055
0.036999999999997 -0.0115770618949362 -0.00993603037861632 4.72656608629492
0.0371999999999971 0.0157470172939985 0.0214777731740494 4.76814948806794
0.0373999999999972 -0.00260517242718519 -0.00720827686172113 4.77624729625498
0.037599999999997 0.0185725392068429 0.0174369868355379 4.81322315576018
0.0377999999999971 -0.0126224095288628 -0.0113985953426707 4.81738551773454
0.0379999999999972 0.00328181338415512 -3.57331886260699e-07 4.8481531374024
0.038199999999997 -0.00084218729166728 -5.62135620620742e-06 4.87110221004549
0.0383999999999971 -0.0124016706182466 -0.00282744395717275 4.88179122540693
0.0385999999999972 0.0207528056037224 0.026090157691316 4.92626977739569
0.038799999999997 -0.00592513122217972 -0.0076407985272935 4.92656276398778
0.0389999999999971 -0.00757054235520801 -0.00671887622160213 4.95706506485182
0.0391999999999972 0.00948233972984246 0.00623914365478682 4.98407920005837
0.039399999999997 -0.0086859133704592 -0.00563907346704245 5.00196346302703
0.0395999999999971 0.0145358394612442 0.0205061545592664 5.03806818437021
0.0397999999999972 0.00198745096561661 0.00179171744885 5.05661009109494
0.039999999999997 -0.00816762226426928 -0.00795143806044113 5.06250199947605
0.0401999999999971 0.0135315199087308 0.00890455802141123 5.11083926841843
0.0403999999999972 -0.0110538563770411 -0.0125446783547156 5.11890542911538
0.040599999999997 0.0085212570768053 0.0148592864570646 5.15293475344041
0.0407999999999971 0.00258185888521223 0.0107415614826811 5.1769482789494
0.0409999999999969 0.00888845680388984 -0.00270370310583413 5.18339143383687
0.041199999999997 -0.0112308650474083 -0.00647521864427197 5.21497597556007
0.0413999999999971 0.00139296625351986 0.00431654630035935 5.23729908047889
0.0415999999999969 -0.00251963981262582 -0.00794242321725934 5.26171851314898
0.041799999999997 0.00106131266915626 0.00797851111969607 5.2827056065086
0.0419999999999971 -7.33795061264873e-05 0.00541761133699227 5.31530002986187
0.0421999999999969 -0.0142298215846154 -0.0202799123518729 5.31279427510222
0.042399999999997 0.0182796649569335 0.0191057201254007 5.37229056247101
0.0425999999999971 -0.0312983298371617 -0.0295341796578429 5.35530009461482
0.0427999999999969 0.0188596096647634 0.0177117419633842 5.41509675159473
0.042999999999997 -0.014219215561746 -0.0172073186880844 5.41030291829829
0.0431999999999971 0.000430950892145922 -0.000788990911998564 5.4431632090039
0.0433999999999969 0.0142583360852882 0.00596509774456304 5.47926692668919
0.043599999999997 -0.00613891271527032 -0.00639686344070482 5.49412001823395
0.0437999999999971 0.0178098332081695 0.010476946314226 5.51673050723416
0.0439999999999969 -0.0278871833563718 -0.020816345378902 5.52199527553775
0.044199999999997 0.0163653334590594 0.0136066250688601 5.56745221122105
0.0443999999999971 0.00817714752657891 -0.0010966221996613 5.58258456485627
0.0445999999999969 0.00131498619204029 -0.000556015124975325 5.60184857150917
0.044799999999997 0.00579063874665178 0.0189814967998929 5.62587491689706
0.0449999999999971 -0.0046825218392556 -0.00799177622671041 5.6484958476025
0.0451999999999969 -0.00241483874044466 -0.0037638253548234 5.66980572384101
0.045399999999997 0.0124136412291184 0.0110528227503196 5.7020579768725
0.0455999999999971 -0.00170081879934649 -0.00124619987616081 5.71396184229728
0.0457999999999969 0.00516509153778096 0.0117261312608593 5.74422386431683
0.045999999999997 -0.00799825273638867 -0.00961237622743616 5.75570384403721
0.0461999999999971 0.0156366027051419 0.00851033241744167 5.79288233211425
0.0463999999999969 0.000284139117927187 -0.00660037723676355 5.80361799348275
0.046599999999997 -0.00625811514677609 0.000713375876761978 5.82145088145718
0.0467999999999971 -0.00012513594504331 -0.000901551727544521 5.84470782119513
0.0469999999999969 0.0174211223810339 0.0136383146243368 5.876276801854
0.047199999999997 0.00609974558271793 0.000564790670424302 5.89429334342252
0.0473999999999972 -0.00890198170183592 -0.0150603406925555 5.91040864509583
0.0475999999999969 0.00679614132139721 0.0142063590364438 5.95028973924279
0.047799999999997 -0.0270492491549963 -0.0184716911613664 5.94790735774125
0.0479999999999972 0.0263922858860597 0.0281951850063142 6.00277957602403
0.0481999999999969 -0.0126021008797549 -0.0187009746125311 5.99441544796581
0.048399999999997 -0.0215639159568594 -0.0216830841471956 6.01477301669937
0.0485999999999972 0.0158976277181324 0.0184682318328339 6.06290536746843
0.0487999999999969 -0.0110572653435487 -0.00489841354429351 6.06360313165377
0.048999999999997 0.00251585240637031 0.00853025059513299 6.09507441561897
0.0491999999999972 -0.000723972823256251 -0.000139470770447545 6.12225624053368
0.0493999999999969 5.09742911467754e-05 0.00802204111676623 6.13990408905338
0.049599999999997 0.00137181974181212 0.0040674211366547 6.15903090688216
0.0497999999999972 -0.00262061275147007 0.00475583291390151 6.18245343674024
0.0499999999999969 -0.00604684635142793 -0.00762202697731042 6.19978464508409
0.0501999999999971 -0.00943351058873512 -0.0090182336808756 6.2164206123274
0.0503999999999972 0.00934500192741418 0.00788073295889277 6.24849293491993
0.0505999999999969 -0.0233637745068494 -0.0100652905332842 6.26434117920691
0.0507999999999971 0.00366693175938688 0.00579067620742981 6.30375297423463
0.0509999999999972 0.00404396105692316 -0.00164816173734552 6.31100957316944
0.0511999999999969 0.00913586754603075 0.00587059190801699 6.34130704923941
0.0513999999999971 0.00632690500788931 0.00379771671724334 6.36275978607368
0.0515999999999972 -0.0119935581661664 -0.00468626467141111 6.37090290674644
0.0517999999999969 0.00792838745300035 0.0160217368288846 6.40759126583745
0.0519999999999971 -0.0109551863408835 -0.0114910812172652 6.4123727365741
0.052199999999997 0.0193811108782761 0.0121032960905142 6.4622180367074
0.052399999999997 0.011089308907557 0.00523143805065413 6.47006770419261
0.0525999999999971 0.000543488428265738 0.014428049380523 6.49765902156591
0.052799999999997 0.00264079559957879 -0.00473987125655248 6.51651615438908
0.052999999999997 -0.017450481426869 -0.0247465778735087 6.53289088396171
0.0531999999999971 0.0310581565679349 0.0236283737411252 6.57541332999415
0.053399999999997 -0.0071514677499972 -0.00679190987782561 6.57904583006741
0.053599999999997 0.00210484523687375 0.00725672885885188 6.60743217903894
0.0537999999999971 0.00306827051690563 0.010529408613948 6.62853028091602
0.0539999999999968 -0.00766649647012627 -0.00917657691331958 6.64074605096172
0.054199999999997 0.0169369037769378 0.0119589388431612 6.67927752293822
0.0543999999999971 -0.0128969409209369 -0.0102713380721167 6.6802861458215
0.0545999999999969 -0.000980304505557937 0.000675299451977206 6.71273711257675
0.054799999999997 -0.00229941612810033 0.00717774859745613 6.73563643673315
0.0549999999999971 0.00497793744797567 0.00836612711362341 6.75774119429173
0.0551999999999969 -0.0138870676969098 -0.0145452405191066 6.77435319830059
0.055399999999997 0.0153659511868424 0.0193085126185802 6.81001566201072
0.0555999999999971 -0.0126537681001495 -0.00749192633248531 6.82521759536897
0.0557999999999969 0.004810201537287 0.00492806587648849 6.84966418842543
0.055999999999997 -0.00544690090456946 -0.0105078705365739 6.85938967183699
0.0561999999999971 -0.0152820983478673 -0.0202848328231836 6.88583798676921
0.0563999999999969 0.00856357650553272 0.0119982256783606 6.92004809268334
0.056599999999997 -0.00211788071756038 0.0014137114329326 6.93105885400473
0.0567999999999971 0.000625344403309992 0.00204079977758315 6.96467828429432
0.0569999999999969 -0.00526081676433967 -0.00289071860208895 6.97879977808903
0.057199999999997 -0.0177471783693994 -0.0146645034563869 6.98896335149522
0.0573999999999971 0.0174433733922971 0.0108818142592479 7.03172422694783
0.0575999999999969 -0.0200526752726069 -0.0239569213512344 7.03308142675289
0.057799999999997 0.0268971496349998 0.0202508504723588 7.08131199444997
0.0579999999999971 -0.023643899204186 -0.0239303938574661 7.07225594908246
0.0581999999999969 -0.00412110894830302 -0.000324055456409247 7.10589854733577
0.058399999999997 0.0121912117397783 0.0191430529038456 7.14178697401995
0.0585999999999971 -0.0159434136258208 -0.0134222956760254 7.14199029192821
0.0587999999999969 0.0101788894759479 0.00905636549777572 7.18132588331444
0.058999999999997 -0.00182190015086921 -0.0107660090510237 7.19203492568603
0.0591999999999971 -0.00363025806348531 -0.000688789836704816 7.21722584142748
0.0593999999999969 0.00508458014409147 0.0101447112023787 7.23923804909196
0.059599999999997 -0.0187628435576848 -0.0187381316267232 7.25625597575581
0.0597999999999971 0.0163719897601124 0.00761922389442333 7.28578841219598
0.0599999999999969 0.00395753196377578 0.00294675373476032 7.30713160983711
0.060199999999997 0.00696936178895668 0.0132947535138809 7.33295016572555
0.0603999999999971 -0.0163620309050677 -0.000101621290611266 7.34548524444336
0.0605999999999969 0.0116596097241103 0.0175334029817298 7.38090348229852
0.060799999999997 0.0126373752169896 -0.00479108892519149 7.39771199016753
0.0609999999999971 0.00167441657453718 -0.0100362074407806 7.41545047559279
0.0611999999999969 0.00211354340657297 0.00722133722015507 7.44302615423121
0.061399999999997 -0.00410426660396306 0.00634327030013559 7.45896067252158
0.0615999999999971 -0.013126185032281 -0.00353626564337658 7.47640693325671
0.0617999999999969 -0.00860528159544044 0.000221306257136897 7.50184596521826
0.061999999999997 0.0167549563851421 0.00568820686010723 7.53608646104868
0.0621999999999971 0.016757211208193 0.00812500964091956 7.5542765669071
0.0623999999999969 0.00407360314120978 0.00324416355812838 7.56406832379542
0.062599999999997 0.00291460500332455 0.00280037936158187 7.58578094839924
0.0627999999999971 -0.0041441166897684 -0.00551969356639616 7.60169606432979
0.0629999999999969 -0.00407531886212715 0.00019109190365739 7.63068597841642
0.063199999999997 0.0062930923990406 -0.00335407376173383 7.65077948811087
0.0633999999999972 0.000937410727829442 0.00518568060782232 7.68076065981831
0.0635999999999969 -0.0117987715461341 -0.0107911362206114 7.69223163180879
0.063799999999997 -9.94594521980985e-05 -0.00164430047662271 7.71858428163103
0.063999999999997 -4.86731439413502e-06 0.00849440519811684 7.74076680720652
0.0641999999999969 -0.0204355675530243 -0.0241113413737696 7.75060824469864
0.064399999999997 0.0299590740687284 0.0243030452772889 7.79512621742273
0.064599999999997 -0.0122461321741279 -0.0207582592134456 7.79842680468453
0.0647999999999969 0.026998664862742 0.0249935089026582 7.84429094896546
0.064999999999997 -0.000502264110145935 0.0033074373965181 7.85341240765355
0.065199999999997 -0.00875559189383528 -0.00784790953534006 7.86435953128042
0.0653999999999969 0.0216839880837495 0.0174168331650058 7.90788456798751
0.065599999999997 -0.0238948904751024 -0.0230762876234745 7.90036181934825
0.0657999999999968 0.0184795015974588 0.0193170880505167 7.94297984070779
0.0659999999999969 0.0169274942975257 0.0104331182770234 7.96865091485597
0.0661999999999971 0.0112285233984511 0.00960978891097346 7.98778835060171
0.0663999999999968 -0.00553953103061443 -0.00774520736939018 8.00479814305897
0.0665999999999969 -0.0140885490470133 -0.0130570518279244 8.0100040978701
0.0667999999999971 0.0191790555425316 0.0174394248580917 8.05778961408888
0.0669999999999968 -0.000163679154694629 0.0096537461032222 8.07185882680174
0.0671999999999969 -0.00393536724701437 -0.0104305207153118 8.08000726316932
0.0673999999999971 0.0116938411144765 0.00173141248607772 8.11723879431294
0.0675999999999968 0.00254681720717166 -0.00858251549397668 8.1326280743445
0.0677999999999969 -0.00591371120944388 0.00736564535589598 8.15358956837659
0.0679999999999971 -0.00698217543869571 -0.00204741649571533 8.17169552519009
0.0681999999999968 0.013306117609949 0.014883148306763 8.20747417462888
0.0683999999999969 -0.00319212366299481 -0.00275308807360028 8.22154957025825
0.0685999999999971 0.0161962613667726 0.0303471035565412 8.25475605154642
0.0687999999999968 -0.0151642277693738 -0.0188849285887463 8.24865466621543
0.068999999999997 -0.000705499167579476 0.000867403139109654 8.2851542206182
0.0691999999999971 0.0277555395430002 0.0282026346600907 8.32299070165124
0.0693999999999968 -0.0153484537993095 -0.0196063074845602 8.31173147816663
0.069599999999997 0.0189299102618242 0.0234624027371063 8.36112242568682
0.0697999999999971 0.000529535258743889 0.0143628972503773 8.37464648670735
0.0699999999999968 -0.0197913250224068 -0.0148126427829448 8.38665221858644
0.070199999999997 0.0100730293565914 0.00406046664559362 8.41689039887299
0.0703999999999971 -0.00951949938378355 -0.0183159885589606 8.43583584004507
0.0705999999999968 0.00251449647471623 -0.00400752693637279 8.46005370562879
0.070799999999997 0.0169969359845914 0.0156928405810412 8.4946190452158
0.0709999999999971 -0.0182431878751849 -0.011545961883686 8.49565544172789
0.0711999999999968 0.00658006881709557 0.0229798679946667 8.53423809397146
0.071399999999997 0.00604135763717903 0.00987386272899817 8.55819745610562
0.0715999999999971 -0.0107885597490155 -0.0200263363872767 8.55863834634663
0.0717999999999969 0.00823219415373104 -0.0070925280770703 8.58854001161125
0.071999999999997 -0.00162505042190541 -0.0163801131426268 8.61015660591736
0.0721999999999971 -0.00359025770468771 0.00648757248479981 8.63652525839324
0.0723999999999969 0.00698790291077518 0.0152091576698454 8.66019468304665
0.072599999999997 -0.015979881306946 -0.00422175395086136 8.67278278543335
0.0727999999999971 0.00488565037564055 0.0022370595016317 8.69108604637652
0.0729999999999969 0.00371644087069539 -0.00681053986837304 8.71926303237144
0.073199999999997 -0.0013907937990141 -0.00954324873925427 8.73691494701207
0.0733999999999971 0.000175569010058914 0.00913654712633468 8.7660633416325
0.0735999999999969 -0.00272289907832287 0.000460999580321387 8.78636714164709
0.073799999999997 0.00226582295698284 0.00227852406567251 8.80862320354939
0.0739999999999971 0.00637498190841494 0.000494727423212323 8.82627429634175
0.0741999999999969 -0.00670474030998257 -0.00662515386976689 8.84720489106271
0.074399999999997 0.0136593343221983 0.0208343241896098 8.87821780988921
0.0745999999999971 -0.0124030497550396 -0.0089976396020087 8.88837073271854
0.0747999999999969 0.00128798101357533 0.00512057074298901 8.92098418687396
0.074999999999997 0.0143413722465808 0.00996720409786737 8.94873904316323
0.0751999999999969 -0.0206725410333465 -0.0185948913316495 8.95770747095892
0.0753999999999969 0.0136796263910626 0.0150026642914732 8.99057203652108
0.075599999999997 0.00247989486143947 0.00408178771273467 9.00549966945623
0.075799999999997 -0.0132322916401141 -0.00855925338990539 9.03037306820878
0.0759999999999969 0.00564861432497767 0.0131117436197898 9.05435729202405
0.076199999999997 -0.00796474108281625 -0.0130168689047356 9.0682855118741
0.0763999999999968 0.0145792455577029 0.0082968088148968 9.10057116118022
0.0765999999999969 -0.0160886735951391 -0.0164489898452655 9.10573146711109
0.076799999999997 0.00579638247932349 0.00481113978568805 9.13925354829627
0.076999999999997 0.00485056288747092 0.0023807003451009 9.16541419720325
0.0771999999999969 -0.0100609944110242 -0.012533941461688 9.17530364570033
0.077399999999997 0.00526621577498988 0.00434002890697638 9.21312978149259
0.0775999999999968 -0.0224146241230223 -0.0218311077029287 9.21335472961534
0.0777999999999969 0.0120409700137902 0.00922199173736831 9.25033817693327
0.077999999999997 -0.0105214708605616 0.000696867881916242 9.26687266639621
0.0781999999999968 0.00177852266882312 -0.00408986007370203 9.29308793642707
0.0783999999999969 0.0178149090245059 0.0143989865779624 9.32327281591082
0.078599999999997 -0.014951335664288 -0.0155185416918236 9.33295206486187
0.0787999999999968 0.0100342742150482 0.011197771201098 9.36195202641046
0.0789999999999969 0.00576997580928559 0.0045148686457478 9.37961848729479
0.079199999999997 -0.0157878368970727 -0.0141541143967174 9.39595064096851
0.0793999999999968 0.0286835130145886 0.022483780118935 9.43408655516254
0.0795999999999969 -0.0118677509623685 -0.0124870980091541 9.43561381191738
0.079799999999997 0.00490824161879235 0.00336016776122382 9.46728117600387
0.0799999999999968 0.0130502570430296 0.012917644426322 9.49649470102001
0.0801999999999969 -0.00958134793483749 -0.00824387346420525 9.5070404912171
0.080399999999997 0.0158750148227578 0.0165683087592216 9.53899104446838
0.0805999999999968 0.00279355970565719 -0.00342260429574158 9.56069551521792
0.0807999999999969 -0.0120000630116804 -0.0127757367471997 9.56997946949086
0.080999999999997 0.0212000878506531 0.0127069628252912 9.6025871699946
0.0811999999999968 -0.0439135711264198 -0.030992313555715 9.60643485558358
0.0813999999999969 0.00291012150027521 0.00893520520079217 9.64419194177321
0.081599999999997 0.0147453622695759 0.0224406138396559 9.67398739164255
0.0817999999999968 -0.0167548541698874 -0.0211031570527345 9.68169595821679
0.0819999999999969 0.0106379584660048 0.00320350553418342 9.71513840328808
0.0821999999999971 -0.000747946563425418 0.000740632645781835 9.73191832128173
0.0823999999999968 0.00852179480724492 0.00842416557651336 9.7660936072036
0.0825999999999969 0.0138569448156408 0.0174331197533027 9.77727271298026
0.0827999999999971 -0.027717999682569 -0.0193895617305183 9.78578059110549
0.0829999999999968 0.00411197188652188 0.00325302628254849 9.8218420981554
0.0831999999999969 0.0282169286901605 0.0276933942983668 9.85847247690448
0.0833999999999971 -0.00758012011858615 -0.0158518820341943 9.8556594037526
0.0835999999999968 0.00773446254232058 0.0054938598171933 9.89297539159802
0.0837999999999969 -0.00911593666251514 -0.000580039158218295 9.91248556181048
0.0839999999999971 -0.0280815832764004 -0.0270188090836661 9.92593267550541
0.0841999999999968 0.0228525658398904 0.020766230530592 9.96338447707573
0.0843999999999969 0.0156864752964775 0.0108409719622069 9.99180290299374
0.0845999999999971 -0.0235893071501439 -0.0184875586680713 9.9855189280626
0.0847999999999968 0.0111759622797149 0.0113214609042677 10.0256513631365
0.084999999999997 -0.00213985334509901 -0.00164562174935806 10.039161044616
0.0851999999999971 -0.0116180603266715 -0.00952952585347498 10.0617112225613
0.0853999999999968 -0.000104039890694908 0.00162323310664305 10.0852367578271
0.085599999999997 -0.0043441120463182 -0.00457691147088627 10.1097695399686
0.0857999999999971 0.0150982426565565 0.0119174281439372 10.1377390008556
0.0859999999999968 -0.021303294581032 -0.0269196431418441 10.1417231138799
0.086199999999997 0.0126956667188081 0.0141962560875055 10.1857638062168
0.0863999999999971 -0.00945007259314266 -0.00865846176170412 10.1910408329129
0.0865999999999968 -0.00929218154003023 -0.00906235706324901 10.2158888799661
0.086799999999997 0.0181861986402665 0.025683172760632 10.2518089037313
0.0869999999999969 -0.0278039205300164 -0.0361999121143903 10.2441593279892
0.0871999999999968 0.0254550784289836 0.0127784008646632 10.2987643163812
0.087399999999997 0.00358971655496104 -0.000941520226797652 10.3036790841552
0.0875999999999969 -0.0117556729996614 -0.00401086824192855 10.333204097136
0.0877999999999969 0.0178492706025292 0.0217262783193767 10.3638124771167
0.087999999999997 -0.0126326586230968 -0.00873563403645625 10.3697216746694
0.0881999999999967 -0.0146516414916447 -0.0054003065022185 10.3927065997016
0.0883999999999969 0.00430387609878733 0.00767077592408523 10.4223693412822
0.088599999999997 -0.00644577746862171 -0.00468188130268338 10.4407348240639
0.0887999999999969 -0.00404708715206678 -0.00386793191514868 10.4600714237141
0.0889999999999969 0.0132691484087484 0.00295838383837183 10.4933377525849
0.089199999999997 0.0041860180207034 -0.0146505076668385 10.5072214462968
0.0893999999999968 0.00107704388420937 0.00380888654998364 10.5435371583403
0.0895999999999969 -0.005533853529497 -0.00321956594168023 10.5484569970836
0.089799999999997 0.019953303649046 0.0243348264423859 10.5924376837568
0.0899999999999968 -0.0159600334159706 -0.0146654815655747 10.5902754785725
0.0901999999999969 -0.0147961612435476 -0.0129988229636627 10.6191410274294
0.090399999999997 0.0200471331770018 0.00799489497515211 10.6484561317389
0.0905999999999968 -0.00443542583076395 -0.00757888110220619 10.6746916982856
0.0907999999999969 0.00986021311730851 0.0173065040087205 10.6933981093881
0.090999999999997 0.00389249310722178 -0.00303397046230794 10.7166337945334
0.0911999999999968 -0.0141704502738124 -0.0160447566240389 10.7301826288711
0.0913999999999969 0.000974568856712781 -0.00687348392806232 10.7617246921849
0.091599999999997 -0.00580464463166676 -0.00741402260437981 10.7766591348079
0.0917999999999968 -0.0180030160529746 -0.0141133988184436 10.7963069681988
0.0919999999999969 0.00282954042234734 0.00782241471009342 10.8279868578318
0.092199999999997 -0.0117718287583318 -0.0128620742521537 10.8428820497111
0.0923999999999968 0.0157789885227959 0.0172591346330496 10.8756726664279
0.0925999999999969 -0.0089562880943026 -0.0105621183618869 10.889017529018
0.092799999999997 -0.00905266197448652 -0.00962131939123632 10.9164540047432
0.0929999999999968 0.008417904681381 0.0184159545854806 10.9478026465865
0.0931999999999969 -0.00313588652081416 0.00645081727770505 10.9603164616
0.093399999999997 0.000969824131189815 -0.00190933676264185 10.9840386212494
0.0935999999999968 -0.011181418216688 -0.00329505823766854 11.0075210736014
0.0937999999999969 0.0205698581892714 0.0224323672880274 11.0413544165349
0.093999999999997 -0.0163382881850602 -0.0173539794811839 11.0485642112239
0.0941999999999968 -0.0073405280959286 -0.0032762323485517 11.0718803355684
0.0943999999999969 0.0135309724556348 0.0148042993774567 11.1155514389023
0.094599999999997 -0.0210825060113192 -0.0217563492907753 11.107751725752
0.0947999999999968 0.00439591289397678 0.00346412979791668 11.1410240331553
0.0949999999999969 -0.00144127351860907 -0.000939403370486054 11.1719287492771
0.095199999999997 -0.0206984723408668 -0.017463820242276 11.1846355056291
0.0953999999999968 -0.00153990375742506 0.00227714633879301 11.2083084859131
0.0955999999999969 0.0159412830828089 0.0138923976783758 11.239018798859
0.095799999999997 -0.0100692201725011 -0.0125982787005052 11.2472604222923
0.0959999999999968 0.00988399014236993 0.0164002357080778 11.2871265984936
0.0961999999999969 -0.00488603712821738 0.00245991197857644 11.3058694721472
0.096399999999997 -0.00543634657406263 -0.0100643563324322 11.3135931523045
0.0965999999999968 0.00722643471405635 0.0082409760193 11.355535460995
0.0967999999999969 0.00296884986473038 -0.00117066377672343 11.3651500952402
0.096999999999997 -0.0166627186857611 -0.0163437840152538 11.3891028355808
0.0971999999999968 0.021628238404797 0.0199761300219884 11.4244788590234
0.0973999999999969 -0.00194240706308311 0.000348824502729117 11.4381672504312
0.0975999999999971 -0.0182188147019548 -0.0259016485835035 11.458032777163
0.0977999999999968 0.0195968486390187 0.016866356761411 11.4917886819411
0.0979999999999969 -0.00920364798040944 -0.000905750580297378 11.5023858396702
0.0981999999999971 -0.000422637328153091 0.00349723098168442 11.5407332341233
0.0983999999999968 -7.92157827203192e-06 0.00470205684767017 11.5500684028597
0.0985999999999969 -0.0223502279164259 -0.0166022678626959 11.5726886236049
0.0987999999999969 0.0205596401663642 0.0218223535832696 11.6058847994069
0.0989999999999968 -0.0164246114324563 -0.0205925928367381 11.6143921196876
0.0991999999999969 0.00776756024805519 0.00057586787448294 11.6487628250006
0.0993999999999969 0.000382595530284645 0.00212134859678347 11.6676383836126
0.0995999999999968 -0.0158097618221148 -0.0159708551676924 11.691289989737
0.0997999999999969 0.008814069365178 0.013464746402798 11.7189162708396
0.0999999999999967 0.0128263412735502 0.0140650084347684 11.7500660897232
0.100199999999997 -0.0244066083455804 -0.0280790918667077 11.7567993691255
0.100399999999997 0.0209797055964472 0.0175028820414514 11.7938015780872
0.100599999999997 -0.00236942020581149 -0.00606610779408539 11.8090623564006
0.100799999999997 -0.010854553877996 -0.0167806149983522 11.8268728084457
0.100999999999997 0.00974581209276477 0.0150788940522075 11.8633156741601
0.101199999999997 -0.0260408796992428 -0.0289342200573271 11.870049426344
0.101399999999997 0.0207422265320095 0.0271040750408964 11.9121971598029
0.101599999999997 -0.006306378398175 -0.00663283436829798 11.9208828252365
0.101799999999997 -0.0239228765353795 -0.023393855275982 11.9396179676479
0.101999999999997 0.0329216221027312 0.0230164260527444 11.9849592126795
0.102199999999997 -0.0108542742935327 -0.00906257010001481 11.9971621686261
0.102399999999997 -0.00427618528867343 -0.0105699934201487 12.0201167828884
0.102599999999997 0.0148757284454731 0.0155410918690766 12.0446890561489
0.102799999999997 -0.0141665344240199 -0.0138935066157162 12.0522887943892
0.102999999999997 0.00282845746615919 -0.000417504311642155 12.088516412044
0.103199999999997 -0.000559818799333132 0.0029021392272276 12.1090560796941
0.103399999999997 0.00471244164563097 0.000319079449136405 12.1294303692097
0.103599999999997 -0.00242583300030271 -0.00282267823734537 12.1590098278192
0.103799999999997 0.00170679083397985 0.0054712257420926 12.184386344022
0.103999999999997 -0.00488737547556175 -0.00751422083815157 12.1968840431281
0.104199999999997 0.0161326102187308 0.0162573738025042 12.233937216614
0.104399999999997 0.0218166918074583 0.0135469695726673 12.2539343184089
0.104599999999997 -0.0135813555628179 -0.0215996864701373 12.2605737881118
0.104799999999997 0.0126202993613204 0.0187693465086462 12.3026912546447
0.104999999999997 -0.00140393516303477 -0.00242257259860674 12.3213234593377
0.105199999999997 0.00413846594765021 0.00321923151974826 12.3396644723294
0.105399999999997 0.00281202082179827 0.0120592778965917 12.368313634089
0.105599999999997 -0.0331632716989451 -0.034595710359521 12.3699424587762
0.105799999999997 0.0324948751727562 0.0218870746245 12.4251126221643
0.105999999999997 -0.0012377973680616 -0.00363912503938151 12.434304640853
0.106199999999997 -0.0215965770564258 -0.0117208739307841 12.4404406296925
0.106399999999997 0.0107725300253265 0.00634698100435277 12.4848557545566
0.106599999999997 -0.0219215833140337 -0.0185924272437349 12.4977980124745
0.106799999999997 0.0103169385655514 0.0049580901558837 12.5320802907102
0.106999999999997 -0.00356864982061979 -0.00499269549077344 12.5509606743971
0.107199999999997 0.00389958677414289 0.00243330528815799 12.5769760815572
0.107399999999997 -0.00993744383335811 -0.00460213043938569 12.5915557779872
0.107599999999997 -0.00925762254335736 -0.0162158144020258 12.6228892411537
0.107799999999997 0.0167426312072033 0.0162913172032626 12.6544427942868
0.107999999999997 -0.000195321660466969 -0.000774463355986801 12.6669634429747
0.108199999999997 -0.0159002959502733 -0.0173642241869438 12.6890916013545
0.108399999999997 0.0112927245372469 0.00829392813441627 12.7275486400358
0.108599999999997 -0.003754210000494 -0.000536468327045721 12.7385368512842
0.108799999999997 -0.011662293317404 -0.0141460379412954 12.7578106958298
0.108999999999997 -0.000673211551034051 0.0016617470344213 12.7965912232476
0.109199999999997 0.00619192380135423 0.00611081765245503 12.8154322626544
0.109399999999997 0.0130319508707292 0.00637207677379405 12.8418723340537
0.109599999999997 0.00915463329678957 0.00174145751183482 12.8543419611678
0.109799999999997 -0.0101858900414033 -0.0155105695749402 12.8709436154124
0.109999999999997 0.0127089825244812 0.0141961913778238 12.9059827243679
0.110199999999997 0.000452062251743926 -0.00122322551005258 12.9299186081593
0.110399999999997 0.0039901879146652 0.00818320355359538 12.9544598306536
0.110599999999997 0.00200501944320813 0.00465188545600883 12.9743467341802
0.110799999999997 -0.00453875641066894 -0.00618955381626063 12.9957667438669
0.110999999999997 -0.00232511364977227 -0.00163962183216116 13.0187359389375
0.111199999999997 0.0111781598534717 0.0213085241735613 13.0448817310817
0.111399999999997 0.00732309883624264 0.00345550628378231 13.0675271510952
0.111599999999997 -0.0174185426482791 -0.0212769139363724 13.0807488255249
0.111799999999997 0.0115210913568239 0.00469179777829526 13.118386395732
0.111999999999997 0.00581417404772326 0.00491821350073767 13.1397521955085
0.112199999999997 -0.0139795202905292 -0.017098308494938 13.1545913804417
0.112399999999997 0.0170018761412458 0.0192969218182363 13.1857186521239
0.112599999999997 0.00734341928984311 0.0117238855878189 13.2143067267382
0.112799999999997 -0.0105506968082678 -0.0163759698539777 13.223862797979
0.112999999999997 0.00978428319979838 0.0108362864237632 13.255200564089
0.113199999999997 -0.00721619948550543 -0.00527712875443474 13.2766663575117
0.113399999999997 -0.0102858945189129 -0.010759103317469 13.2929481862369
0.113599999999997 0.0310290778672016 0.0349424167295942 13.338055944127
0.113799999999997 -0.0142253288270082 -0.017654720945764 13.3380590729825
0.113999999999997 -0.00836619559057971 -0.00198934588689554 13.3652693860059
0.114199999999997 0.0192502670041198 0.0267607317811815 13.3940520368072
0.114399999999997 -0.0132065110612714 -0.0101320037890016 13.4237337338061
0.114599999999997 0.00939040306093729 0.00627050445060279 13.4450083573622
0.114799999999997 0.00863309227160777 0.00195446214774342 13.468790796095
0.114999999999997 -0.0170309197661398 -0.0201973464526702 13.4839774473227
0.115199999999997 0.0210911393175904 0.0190469449415165 13.5211468791862
0.115399999999997 0.000380317935836334 -0.00546105513665706 13.5318795501518
0.115599999999997 -0.0157088682471131 -0.00738625730788094 13.5676857680824
0.115799999999997 0.0196477757352664 0.0273757504088297 13.5977768658953
0.115999999999997 -0.00541069378231708 0.00422499232609816 13.6104711821524
0.116199999999997 -0.00704305068579205 -0.00214404608750422 13.6379487480861
0.116399999999997 0.0227060639160478 0.0278488792603242 13.6772523185124
0.116599999999997 -0.0146636670161018 -0.0244996714607783 13.6854457149544
0.116799999999997 0.00972043944446211 0.0147255528164794 13.7144806909457
0.116999999999997 -0.00163048294047457 -0.00830924117129561 13.7237339634441
0.117199999999997 -0.0124808799768109 -0.0116060431522917 13.7551587431648
0.117399999999997 0.014280313096928 0.0155922570665854 13.782292806544
0.117599999999997 -0.0222570351572011 -0.017415307800548 13.7923749608852
0.117799999999997 0.0330972351864331 0.0313812649125789 13.8342869703448
0.117999999999997 -0.0111926207921469 -0.0110678918109492 13.8471598009007
0.118199999999997 -0.0178913925392051 -0.0186886722658868 13.8603414839365
0.118399999999997 0.0221320491184304 0.0207592384700459 13.9052748292059
0.118599999999997 -0.0145184558427538 -0.0203919711281668 13.91514130348
0.118799999999997 0.00601818201963395 -0.000253563087227618 13.9448974497229
0.118999999999997 -6.91780692785094e-05 -0.00616148427335458 13.9684926111569
0.119199999999997 0.000641810219324821 -0.00298201425215544 13.9900466115031
0.119399999999997 -0.00500588186172959 0.000312007715731888 14.0189283183002
0.119599999999997 -0.0197402218988214 -0.0212979926605296 14.0406638477577
0.119799999999997 -0.00425730997886961 -0.00384811674092283 14.0580892686713
0.119999999999997 0.0162373297280405 0.0111810055897094 14.0952341499974
0.120199999999997 -0.0129035233823212 -0.0127599041748216 14.1054720087572
0.120399999999997 0.0075632797139082 0.00391286226636477 14.1392842441578
0.120599999999997 0.0167294149347338 0.0268490517918502 14.1690343903906
0.120799999999997 -0.0102398308994682 -0.0116882511310349 14.1898685429655
0.120999999999997 0.0146120092580755 0.0186121029293401 14.2211587368408
0.121199999999997 -0.00972891636482881 -0.00402366590529875 14.2279935162827
0.121399999999997 0.0102805565836301 0.00602149445894352 14.2546908853055
0.121599999999997 0.000285963471469392 0.00207283543629356 14.2755244754287
0.121799999999997 -0.0166833944883288 -0.0211259375973079 14.2976343255766
0.121999999999997 0.0106725365615605 0.0155574915309343 14.3357509485265
0.122199999999997 0.0113619539346341 0.0143415949555417 14.3662825800455
0.122399999999997 -0.00209579296765288 -0.00383324338147017 14.3744655665782
0.122599999999997 0.016994181073674 0.0194890895347028 14.4133980492067
0.122799999999997 -0.00465551579686839 -0.00300169594735745 14.4251776917335
0.122999999999997 -0.0229510968975496 -0.0206470967950354 14.4361364387966
0.123199999999997 0.0220602296397694 0.0205334686791141 14.4821107991817
0.123399999999997 -0.00849760013224227 -0.00154378781916047 14.4992001253046
0.123599999999997 -0.0190058796634018 -0.012225270651696 14.5217421106228
0.123799999999997 0.00579545919494583 0.007244339447132 14.5499946364858
0.123999999999997 -0.00535429685119501 0.00801301839007946 14.5701244984706
0.124199999999997 -0.0100883414589162 -0.00757163425974309 14.5915704631648
0.124399999999997 0.0179476091195926 0.0132862075607081 14.6221611335871
0.124599999999997 0.000950340910998718 -0.000279898538502647 14.6453159925899
0.124799999999997 -0.00315832279422417 -0.00877729435763187 14.6672297791777
0.124999999999997 0.0150676011841379 0.0121107959592532 14.7030209782857
0.125199999999997 0.00206345440072806 0.000397547475211393 14.7128219175596
0.125399999999997 -0.0140135221569582 -0.027396577786649 14.7368093140678
0.125599999999997 0.0116137049136927 0.00866159090459681 14.7668312130434
0.125799999999997 0.0166192922246949 0.0230173169399421 14.7936672011544
0.125999999999997 -0.024868796815114 -0.0260099447740792 14.8119596262876
0.126199999999997 0.000516149700564923 0.000901082114720384 14.8276722437274
0.126399999999997 0.0128883935989111 0.0174358173028145 14.8622365030238
0.126599999999997 -0.0198536910115883 -0.0152395254990194 14.8724250187242
0.126799999999997 0.00513780370508762 0.00599248585350618 14.8998479790731
0.126999999999997 -0.0148079428997644 -0.0136173162569791 14.9196417025198
0.127199999999997 -0.012144429561472 -0.00861516006110556 14.9547162240018
0.127399999999997 -0.0109282091466723 -0.000810046656223451 14.9696456865085
0.127599999999997 0.00780821886244241 0.00684105272752742 15.0042647431641
0.127799999999997 0.00192966988050734 0.00167399050767895 15.0037472069933
0.127999999999997 -0.0128162043238791 -0.0112802110148993 15.0225819953244
0.128199999999997 0.0186308266333058 0.0181954053430226 15.0625950261387
0.128399999999997 0.00470156606914708 0.00483823663473577 15.0689397826179
0.128599999999997 -0.00790145377111493 -0.0109305789982644 15.0899892660475
0.128799999999997 0.00648023700365175 0.00237650704817031 15.1080318484239
0.128999999999997 0.00173363671453412 -0.00546936202620483 15.1221539233781
0.129199999999997 0.00681413736782211 0.00405644409734042 15.13698290569
0.129399999999997 0.00680861660382496 0.0034510057395981 15.1504008507203
0.129599999999997 -0.0259635501575802 -0.00885650539646873 15.1453724803562
0.129799999999997 0.0130326676035436 0.0172160019048638 15.1670735777102
0.129999999999997 0.00717572396346427 0.00485972342234925 15.1820161819004
0.130199999999997 0.00232314162167187 -0.00111341293259031 15.1851577352836
0.130399999999997 0.0163598360603098 0.0175697107411611 15.1801085711177
0.130599999999997 -0.0185211654325206 -0.0223089060191153 15.1680113580386
0.130799999999997 0.0081033670077 0.00105618261024397 15.1807155091308
0.130999999999997 -0.00405070114221287 -0.00324060213986971 15.1766525804334
0.131199999999997 0.0117781452505159 0.0156189064398313 15.1626924266959
0.131399999999997 0.014089581769063 0.0184969749090221 15.166985863865
0.131599999999997 0.00455337058496499 0.00614678799931263 15.1564828420974
0.131799999999997 -0.0101043428122302 -0.0110555405279867 15.1223307699983
0.131999999999997 0.010497007520788 0.00508793672154783 15.1078830071309
0.132199999999997 -0.00157717573716414 0.0147916074672547 15.0908181742708
0.132399999999997 0.000660522592262442 -0.00033468282346854 15.0586505506298
0.132599999999997 -0.0161234839061552 -0.0169455512736026 15.0118218870771
0.132799999999997 0.0188066667222416 0.0144937708884825 14.9855186421368
0.132999999999997 0.0187407043974518 0.0222590147357301 14.9364583968763
0.133199999999997 -0.00921095154516053 -0.0181759490039183 14.8734308091355
0.133399999999997 0.0161430264195009 0.0157443951832518 14.8184969555049
0.133599999999997 -0.00473512590488437 -0.00608367307076586 14.7256494318769
0.133799999999997 0.0114543009623917 0.0079379222391645 14.642055006988
0.133999999999997 0.00905332488070438 -0.00101309418623787 14.5286031920005
0.134199999999997 0.00156639007347828 -0.00308014316657708 14.4166161083476
0.134399999999997 0.0127791545573525 0.00662057915196547 14.2792775806863
0.134599999999997 0.00536238149335225 -0.00854012647538692 14.1364291155557
0.134799999999997 0.0168087309789366 0.0206127800367789 13.9972145813109
0.134999999999997 0.00950431187679354 0.00308582364342688 13.8343702158111
0.135199999999997 0.0145860339312295 0.000989709917020071 13.6641411726954
0.135399999999997 -0.0139364671830803 -0.0235907824932441 13.4643786771332
0.135599999999997 0.0216670714898739 0.0221928521911647 13.2724800091762
0.135799999999997 0.0120095058151445 0.0219674292138116 13.0453227215525
0.135999999999997 -0.00244842056592529 0.00879011333797476 12.8130687427316
0.136199999999997 0.00957151436008113 0.0143673558400566 12.5716540864597
0.136399999999997 0.020414685103947 0.0135941982520107 12.3062447341347
0.136599999999997 0.00740547854744616 0.00707841726694266 12.0461085542908
0.136799999999997 0.00792284935595681 0.000180515287673101 11.7601864814027
0.136999999999997 0.0228393509359923 0.00761295840253535 11.4715606361396
0.137199999999997 0.0117123788553177 -0.00539710585672407 11.1998839031715
0.137399999999997 0.0144198288776797 0.00127814496244535 10.8885994320109
0.137599999999997 0.00677400606119977 0.00632949703529152 10.5525707954732
0.137799999999997 0.0118619442065433 0.00166140157120713 10.2090325515053
0.137999999999997 0.0483999814016131 0.0303462935070882 9.88076580723023
0.138199999999997 -0.0096921561529823 -0.00567678560863553 9.50282264758674
0.138399999999997 0.00817737067623675 -0.00310757106589684 9.18657393621917
0.138599999999997 0.0334765299604609 0.0149509224990921 8.85465338360175
0.138799999999997 0.00480337930221265 0.0165106483401646 8.51356907649107
0.138999999999997 0.00896115867422318 0.00230512856258007 8.19536152212555
0.139199999999997 0.00816076144497089 -0.00136010943939141 7.89156123534413
0.139399999999997 0.0155757858169622 0.034273232180583 7.60011334259094
0.139599999999997 -0.00481652402537463 0.000409966834384533 7.2825215797033
0.139799999999997 0.0255334476697562 0.00556276771723344 7.01054436122854
0.139999999999997 0.00139367682321034 0.00348226376245827 6.71660859978358
0.140199999999997 0.0193174555138464 -0.0150799445680758 6.43599765887873
0.140399999999997 -0.00933999741112758 0.00752953889792484 6.17086108683607
0.140599999999997 0.0185763054902881 0.0352946584004467 5.92222338869468
0.140799999999997 -0.0165374518459258 -0.011159826465792 5.65971356854368
0.140999999999997 0.0296774543189796 0.0133145821761969 5.43096711497288
0.141199999999997 -0.0102771991751677 -0.0232743405694414 5.15891443738867
0.141399999999997 -0.00458705360159391 0.0180837393098923 4.95426356713367
0.141599999999997 0.0194222836958597 0.00679793685714935 4.73609999268687
0.141799999999997 -0.0197108884645461 0.000284411203696322 4.52201116360155
0.141999999999997 0.0123156073285358 0.0370535855389206 4.36303366988429
0.142199999999997 0.00256341839886553 -0.00503320607544544 4.20007788045184
0.142399999999997 0.0139190216600045 0.0147781395074267 4.08084023814998
0.142599999999997 -0.0120212784367098 -0.0060673381284726 3.93146585337481
0.142799999999997 0.0390733357031326 0.0106119162501474 3.85369217852718
0.142999999999997 -0.0171678478453315 -0.00743472718731766 3.73231221750365
0.143199999999997 0.0034247208973604 0.0225632354139046 3.65425281105417
0.143399999999997 0.00157450785680687 -0.00848179536723743 3.58323730665568
0.143599999999997 -0.00305042674349658 0.00900734160597365 3.52846231000133
0.143799999999997 0.0283582037116171 0.0221800785978437 3.49598171886508
0.143999999999997 -0.00531700550886821 -0.0150346425115555 3.43441681339695
0.144199999999997 0.0144021095444116 0.0234419115974358 3.4151868223608
0.144399999999997 -0.00138551582688133 -0.0029003216742654 3.36512848257022
0.144599999999997 -0.0105674020723507 -0.0137703839292244 3.36195034221778
0.144799999999997 0.0218593277708557 0.0165972671878532 3.34046312254757
0.144999999999997 -0.0023599447252278 0.00459022480698477 3.31633933289889
0.145199999999997 0.00288925775407169 0.010206920942534 3.28288528835033
0.145399999999997 -0.00143418593680437 -0.00935705792651154 3.24136953195844
0.145599999999997 0.0197302725266014 0.0079267661321305 3.24124974270934
0.145799999999997 -0.0221925450524527 -0.0124927060444655 3.21310887315678
0.145999999999997 0.0141116301453783 0.0288316973073874 3.24113327376685
0.146199999999997 0.00385096960675652 -0.0176321216305624 3.22076750609004
0.146399999999997 0.0191606556105365 0.0179040506626546 3.23520122417042
0.146599999999997 0.00799617009215213 0.0107683679582025 3.21287641109906
0.146799999999997 -0.00681376908843417 -0.000192093156643967 3.16895221607407
0.146999999999997 -0.0010732294173196 0.00458723902940525 3.14432950792513
0.147199999999997 -0.00529122599221122 0.00644372272828748 3.13475396353605
0.147399999999997 0.00745569867485558 0.0055485736184312 3.1332330201534
0.147599999999997 0.00842205995050332 -0.017095872302856 3.09577887199482
0.147799999999997 0.0282032630322751 0.0269508167639528 3.08386722029413
0.147999999999997 -0.0267635320335721 -0.01450360398099 3.02444386320069
0.148199999999997 0.0178941171167014 0.0268081920726949 3.06457606619689
0.148399999999997 0.00166999624325828 -0.0197993939860785 3.00029624397921
0.148599999999997 -0.00145832848139857 0.00230046137347207 3.01107596713674
0.148799999999997 0.00247053404538411 0.00505262784012824 3.00556625030649
0.148999999999997 -0.0017706687897096 0.00448574114542617 2.99265498172829
0.149199999999997 0.0010441908677501 0.00754673855415189 2.99383628638479
0.149399999999997 -0.00839499908242798 -0.00109475255587457 2.97856810280929
0.149599999999997 0.0115651204955173 0.00127619223397496 2.95606134690307
0.149799999999997 0.00268756668829972 -0.00385298140622146 2.95785338639843
0.149999999999997 -0.00581862547427672 0.0260159584414834 2.95756930316236
0.150199999999997 -0.0239090613941529 -0.00961754652425811 2.92477669069247
0.150399999999997 0.0212287384752198 -0.00807554195069292 2.93856953446967
0.150599999999997 0.0114561122087268 0.00212380406392656 2.94727028331624
0.150799999999997 -0.0348740384251962 -0.0101300995570236 2.92086830234204
0.150999999999997 0.0358506215446366 0.0350034367744901 2.95226852713801
0.151199999999997 -0.00201121401191652 -0.0105448881188285 2.91218718926382
0.151399999999997 -0.00630201708951177 -0.00192448925203779 2.91762432435116
0.151599999999997 0.00636942250100465 0.0167858135122128 2.92846541207744
0.151799999999997 -0.00973978317754464 -0.0100195313122179 2.91496976239779
0.151999999999997 0.0196571533075919 -0.0170472010588868 2.89812605151428
0.152199999999997 -0.0145358570329234 0.0107725302580466 2.90716166482373
0.152399999999997 0.0027737328104488 -0.00826522637071909 2.88298638400608
0.152599999999997 0.0186161913613956 0.0222460455778348 2.88561273880878
0.152799999999997 0.0115119408488795 0.0144597636656162 2.87967765176866
0.152999999999997 0.00514691290289968 0.00107280749161736 2.87629565256714
0.153199999999997 0.00369501938194606 0.00023133591206566 2.88667911811089
0.153399999999997 -0.015984486298593 -0.00527749558352355 2.8737486215165
0.153599999999997 0.0126956766269886 0.00516151657598357 2.8801610571744
0.153799999999997 0.00680347798587003 -0.0153095134118269 2.88054823765342
0.153999999999997 0.0128390825548634 0.00180264493224923 2.87542506925317
0.154199999999997 0.00985098353003553 0.0251785858719877 2.89225957115274
0.154399999999997 -0.034551502380424 -0.0233043475791539 2.85905282507267
0.154599999999997 0.0466172860793177 0.0267160821074083 2.9073550167517
0.154799999999997 -0.0418694124330464 -0.0386754788099943 2.85013310261538
0.154999999999997 0.0250086728063863 0.0108919154215052 2.90595961164004
0.155199999999997 -0.0233966091591258 -0.00452907958256591 2.88151461735459
0.155399999999997 0.00545057374344992 -0.00304587221192551 2.8752275491761
0.155599999999997 -0.00686942057607445 -0.00407678379799107 2.86196707994413
0.155799999999997 -0.0168103356945743 -0.0150816880771086 2.84540385460721
0.155999999999997 0.0238272188350097 0.0330144142717755 2.88294457737319
0.156199999999997 -0.014352360376596 -0.0373293214266729 2.83084252099028
0.156399999999997 0.0167280372809999 0.0179868039702318 2.85146861563198
0.156599999999997 -0.0129270026786181 -0.00880774676760798 2.83266888123139
0.156799999999997 0.0175123243556965 0.00721693375145349 2.83242119636941
0.156999999999997 -0.0100468880710076 0.000906421620221285 2.8264131174003
0.157199999999997 -0.00277958350047263 -0.019556140831975 2.84269953900258
0.157399999999997 0.011591476177843 0.0177512352285447 2.8574158454305
0.157599999999997 0.0173648648557071 0.0200339221799479 2.86477025857
0.157799999999997 -0.00700127623788084 -0.0170695738555631 2.83827601236842
0.157999999999997 -0.0106049388342556 -0.00766394461358702 2.84236393693092
0.158199999999997 -0.000103674049830928 0.0274893266559271 2.84478278106276
0.158399999999997 0.0147287839882614 -0.0199214748720206 2.82445430572805
0.158599999999997 0.0053281597784597 -0.00548846251208054 2.80926139407984
0.158799999999997 -0.00886221042225345 0.00366946517578393 2.8144883612901
0.158999999999997 -0.0144218117595098 0.000358258402615202 2.79992777806513
0.159199999999997 0.0225026287115499 0.0135156789387785 2.80499495147648
0.159399999999997 -0.0130422078200303 -0.00576605342709596 2.77271516272594
0.159599999999997 0.000666467396674715 -0.00693693150763433 2.76205817353697
0.159799999999997 -0.000169994265057107 0.00180684460309441 2.77295730334275
0.159999999999997 -0.00788555924279177 0.00739589971988559 2.7595229283784
0.160199999999997 0.0236023347837259 0.0191010274523204 2.77154660028688
0.160399999999997 0.0113906830921896 -0.0109404181876404 2.75536056575385
0.160599999999997 0.0172011911197447 0.0130630402236961 2.75916332476303
0.160799999999997 -0.00555685724309033 0.000249086292905377 2.75463288580067
0.160999999999997 -0.0157271894923383 -0.0124976091225285 2.72615839995452
0.161199999999997 0.00144230240018141 -0.00759360030341747 2.73222041284158
0.161399999999997 -0.00408735029340223 -0.0042098157646526 2.73553227512561
0.161599999999997 0.0224418966327257 0.0150799652398738 2.7241327722307
0.161799999999997 -0.0151694904243165 -0.00600505152028014 2.69463539374564
0.161999999999997 0.00567733881291968 0.00929112860084845 2.70499677606552
0.162199999999997 -0.00205341543833973 -0.00608469501764916 2.69946119095244
0.162399999999997 -0.0128715945043305 -0.0151995521102956 2.70418158193663
0.162599999999997 0.0247030986051147 0.00613094263830665 2.7282294167218
0.162799999999997 -0.00137453162131157 0.000967279401397102 2.71464574540404
0.162999999999997 -0.00199285331918059 0.00223317014346667 2.70665179141426
0.163199999999997 0.000429044663290009 -0.00428544008140581 2.7135033571926
0.163399999999997 -0.000447468642104402 -0.00844257447853406 2.71566801724838
0.163599999999997 -0.0159456634781328 -0.00554324147443948 2.71553721762582
0.163799999999997 0.0197067832867661 0.0235035374061977 2.75256564358527
0.163999999999997 -0.0177218604812539 -0.017615523299712 2.74012456219762
0.164199999999997 -0.00416360544466764 -0.00730247113743628 2.75537973388906
0.164399999999997 0.000411834212364178 -0.0167118249844855 2.76803867956487
0.164599999999997 0.00980634011193147 0.00834768776861857 2.78532630006906
0.164799999999997 -0.0119473996645317 -0.00659050506013148 2.80202660981754
0.164999999999997 0.00831356433343084 -0.000209396051000183 2.79833687609852
0.165199999999997 -0.00149412978668202 0.00618248542319512 2.82530635577999
0.165399999999997 0.00113684351268937 0.00484531840246355 2.82443579939569
0.165599999999997 -0.00383465393669339 -0.0138436119874463 2.83974091716257
0.165799999999997 0.0236485949001469 0.0219474280218003 2.8657638815882
0.165999999999997 -0.00882838936436 -0.00197674915867553 2.84088354719936
0.166199999999997 -0.0118012976439127 -0.0119329705813979 2.85928741723319
0.166399999999997 0.00409549037481678 -0.000829261447342335 2.8652721091163
0.166599999999997 0.00345768595301948 -0.00458223910474042 2.86896156503232
0.166799999999997 -0.00975081714019158 -0.0122437615728552 2.86371775978694
0.166999999999997 0.00202575294999652 0.00755797487168899 2.87947754712842
0.167199999999997 0.0116606424106924 0.0031088574355244 2.87350114761996
0.167399999999997 -0.00815878690485642 -0.0131594085300517 2.86398149631612
0.167599999999997 -0.0137529240976107 0.00972195324588608 2.86369229301682
0.167799999999997 -0.000941090746997536 -0.0141815399176559 2.8705001829006
0.167999999999997 0.0127855196716152 -0.00619223298063367 2.88913496521139
0.168199999999997 -0.0131164085835694 -0.00152934735705349 2.88179155129848
0.168399999999997 0.00838671073853861 0.0202142304433763 2.90172972263677
0.168599999999997 0.0116499201030422 -0.000753434160528438 2.91297097966371
0.168799999999997 0.00701358286977524 0.00439660718852253 2.89850874454116
0.168999999999997 0.0051807432135363 0.00146548393757444 2.89168717830337
0.169199999999997 -0.00341418041170068 0.00528889122712663 2.90276522932154
0.169399999999997 -0.00369765348496871 -0.00054128545639774 2.89289083854543
0.169599999999997 -0.0120627437063296 -0.030226377624793 2.87443080986096
0.169799999999997 -0.00341089336510085 -0.00163767130303939 2.86853157543631
0.169999999999997 0.000397295540633201 0.00619825369271759 2.87453575340487
0.170199999999997 -0.0169812427953095 -0.0125715938992801 2.84837115808467
0.170399999999997 0.0154661319657135 0.0154160499180994 2.85224403667141
0.170599999999997 -0.0044863757168333 -0.0113032165531632 2.81531275668922
0.170799999999997 0.018001608173901 0.0119856999584395 2.82989353198967
0.170999999999997 -0.0287338865912349 -0.00977056185345598 2.80063371957471
0.171199999999997 -0.00605223430780189 -0.00452880769374482 2.7902834735116
0.171399999999997 -0.0113793184546535 -0.0233132095798153 2.77458433188723
0.171599999999997 0.00955806494379007 7.0786706791631e-05 2.77812502504925
0.171799999999997 0.00842288873019291 0.0210026326770946 2.76751621737039
0.171999999999997 -0.0289274096240066 -0.0263844298848852 2.73225213555949
0.172199999999997 0.0212038892785449 0.0149125742604114 2.77842531384682
0.172399999999997 -0.0152996694777883 0.000690502857786121 2.76093889083724
0.172599999999997 0.0158994764711499 0.0108404602727955 2.75631911916088
0.172799999999997 -0.00735213062782818 -0.0138130760199675 2.74413189792192
0.172999999999997 0.00365717506935648 -0.00484065966247327 2.74456007442208
0.173199999999997 -0.0156873520088899 0.00397039022399407 2.76062065025716
0.173399999999997 0.000252608743503229 0.012100408887585 2.75853798266348
0.173599999999997 -0.00716014046940813 -0.0319261371699456 2.73790662279852
0.173799999999997 0.012329255734625 0.00790239027182302 2.75650729095101
0.173999999999997 -0.0409669494088127 -0.0182241404604059 2.72342795253112
0.174199999999997 0.0167426135304608 0.0133610281666519 2.74518539982568
0.174399999999997 0.00763614568489928 0.00576489355762859 2.7378292869899
0.174599999999997 0.0022558559963258 -0.0066431432105676 2.73645917849665
0.174799999999997 0.00609398125390881 0.00455648071383901 2.73652705443
0.174999999999997 -0.0137965175880588 -0.0184794460257663 2.72087422403814
0.175199999999997 0.00932320777210976 0.0240617070669141 2.74134803232668
0.175399999999997 -0.0164607187025537 -0.016291656520527 2.71950593138123
0.175599999999997 0.0242051333694401 0.0258042698528705 2.73210531928424
0.175799999999997 -0.000139159240111427 -0.0270392089019955 2.71725012564672
0.175999999999997 -0.00320253862956254 0.00918894884914231 2.72730668443131
0.176199999999997 -0.00818919795378951 -0.00880703433647622 2.70964370898132
0.176399999999997 0.00109691445197584 0.00334208262301385 2.71162343165103
0.176599999999997 0.0161181447780404 0.00122573842294252 2.71924964197825
0.176799999999997 -0.0117838362612825 -0.00395663461266167 2.69810048703873
0.176999999999997 0.0166896461064944 0.0364965595791246 2.73184962765106
0.177199999999997 -0.0146297007956769 -0.0302779227711172 2.69628987755575
0.177399999999997 0.0016952202893724 -0.000169765797322401 2.70895288556935
0.177599999999997 0.0070886092600205 0.0108770408704835 2.71760412602571
0.177799999999997 0.000763929600985604 -0.00218061306130808 2.71324458419991
0.177999999999997 0.0109640103491558 0.0161705786773119 2.72000635982769
0.178199999999997 -0.0257394847781397 -0.0346113976810018 2.66935907268976
0.178399999999997 0.0279376586513683 0.0198420520332376 2.71249277756097
0.178599999999997 0.00664706786396604 0.00247572813005078 2.7043396073039
0.178799999999997 -0.0165680715881561 -0.00386049522985005 2.68782652783551
0.178999999999997 -0.010498971307292 -0.0100607364824196 2.69002242170268
0.179199999999997 0.0097865651656 -0.0101131894804093 2.70321716567962
0.179399999999997 -0.000637598417286764 0.00561956903142511 2.7145236090525
0.179599999999997 0.00113606168039367 -0.00803382072443772 2.70250041359466
0.179799999999997 -0.0298358100164445 -0.0185283775861478 2.70151211360631
0.179999999999997 0.0186879560338911 0.00583887787371248 2.74957146141892
0.180199999999997 0.00873469573398173 -0.00303863201699235 2.75109767432853
0.180399999999997 -0.00922602703873436 -0.00464009546242805 2.7461912218165
0.180599999999997 -0.0132651907674018 -0.00400335844282933 2.77872432644438
0.180799999999997 0.0113382298604618 0.0074038576887075 2.78777426094694
0.180999999999997 0.00399018080351292 0.00134503201195153 2.77537259004797
0.181199999999997 0.00551236061237776 -0.00237660368868461 2.77928172949513
0.181399999999997 0.0163558652948851 -0.00204658598939104 2.79562181425355
0.181599999999997 -0.0127313225678809 0.0145696542664269 2.78439534217395
0.181799999999997 -0.0017018737518274 -0.00899518823707925 2.78783867251217
0.181999999999997 0.0041973174852778 -0.0256611279947814 2.78080672878378
0.182199999999997 0.00533967300776551 -5.86153597328915e-05 2.77814630324361
0.182399999999997 -0.00312608149746116 0.0222018354150961 2.7938293084252
0.182599999999996 -0.0103796876740512 -0.0115341290077581 2.77085967495892
0.182799999999997 0.0208217338932272 -0.00345472695124911 2.80705672071155
0.182999999999997 -0.0101186121521641 -0.0130881874626593 2.80081274261365
0.183199999999997 0.0129318474223292 0.0291719863676692 2.81881218493591
0.183399999999997 -0.00386995155404411 -0.0108152008707891 2.80050060029178
0.183599999999997 0.00305822593190403 -0.00572480754324776 2.80022121304056
0.183799999999996 -0.000285383874389531 0.00690448701054707 2.80729871196232
0.183999999999997 -0.0100210327166267 -0.0144277585492632 2.79536213175939
0.184199999999997 0.0266144838522678 0.0137291897079871 2.80173361957281
0.184399999999997 -0.015144366095763 -0.0085450501988868 2.78037716965069
0.184599999999997 -0.0114842370957235 -0.00860301588747615 2.77675707510489
0.184799999999997 0.00599542286822974 -0.0137668025330455 2.76003987521438
0.184999999999997 -0.00330614812311972 0.000238472959984044 2.75544635602015
0.185199999999997 -0.0154300997132614 -3.62395305585225e-05 2.75207402837312
0.185399999999997 0.0107365193943969 0.00511833016784461 2.75620006418844
0.185599999999997 -0.000901746245719178 0.0129206197816684 2.74497050525247
0.185799999999997 0.00131001426401534 0.00447343678696388 2.72415257245181
0.185999999999997 0.000182581965350594 0.00746559919705467 2.73679120421569
0.186199999999997 -0.0163566541664648 -0.00921886442748304 2.70762816910653
0.186399999999997 0.0270570954582308 0.00885030204235104 2.71246961364042
0.186599999999997 -0.00479993608778892 -0.0254645236703435 2.68917159836642
0.186799999999997 0.00236615812518618 0.0162215194058478 2.71493816034066
0.186999999999997 -0.0199986755519117 -0.0121413553109483 2.68442292557255
0.187199999999997 0.00872904091148235 -0.00794733792947418 2.68160890357367
0.187399999999997 0.00300626168560156 0.00524860095140241 2.68054590495278
0.187599999999997 5.85700306249979e-05 -0.00290822701467805 2.67818288289292
0.187799999999997 0.0171346626098935 0.0292509123227595 2.69756528292266
0.187999999999997 -0.0230126434443822 -0.00156975749284666 2.69059578480491
0.188199999999997 0.0198931761626177 -4.99584566135287e-06 2.68477744328519
0.188399999999997 -0.00268677508692531 -0.013953267366193 2.67508957198462
0.188599999999997 -0.0186806784033954 -0.00213944351667144 2.67816740067454
0.188799999999997 -0.00902880121857853 0.0030102199077958 2.68552862186443
0.188999999999997 -0.0129195604013626 -0.0134634301317022 2.67151880228458
0.189199999999997 0.0198615947350156 0.00883160575767909 2.69904391895729
0.189399999999997 0.000764228045011393 0.0111018119492723 2.69611448282784
0.189599999999997 -0.00311250705140936 0.00459265494161831 2.68560493138546
0.189799999999997 0.00550566601996402 -0.00665452006520159 2.71158107031699
0.189999999999997 0.021966700326044 0.0209034807387384 2.73405643003723
0.190199999999997 -0.0192056466141436 -0.0341313565898133 2.70612582514372
0.190399999999997 0.0240623503172885 0.0214264062071357 2.7582390079559
0.190599999999997 -0.0080979945654949 -0.00402817073188334 2.74461644026812
0.190799999999997 -0.0108748724838253 0.00437620741140643 2.74552954143897
0.190999999999997 0.00396550875964123 0.0135300081100008 2.76138774605172
0.191199999999997 -0.00116834465048577 -0.00255603986278024 2.76633409628986
0.191399999999997 -0.0168378951204631 -0.0109953592596275 2.74495625651518
0.191599999999997 0.0266612613828566 0.00911972752967056 2.78131446574073
0.191799999999997 -0.0119719449042785 0.00136101633182733 2.76513018569538
0.191999999999997 -0.00916102115539656 0.0165627270422596 2.78363107935641
0.192199999999997 0.0240173757463118 0.00372681866309291 2.77570683758068
0.192399999999997 -0.00188587579442874 0.00188670485977191 2.77672887924786
0.192599999999997 -0.0111171761381182 0.00573981874394056 2.78208985305433
0.192799999999997 0.00885978320362453 0.0053031764398608 2.79515520787092
0.192999999999997 0.00235370487975651 -0.00701915736757377 2.77097359648758
0.193199999999996 -0.0103889721205924 -0.0077469928744617 2.76843518533967
0.193399999999997 0.0044872446348066 0.00508963839659324 2.78512747916369
0.193599999999997 0.00925648799346241 0.00426230551661693 2.77444729303103
0.193799999999997 0.005313058244439 -0.00493417040636705 2.77798460864575
0.193999999999997 -0.00363936748141915 0.00323337720508307 2.77737385682207
0.194199999999997 -0.0103731132004061 0.0082013808454719 2.78107611720701
0.194399999999996 0.0114172893317148 0.00309475581127557 2.77702685745501
0.194599999999997 0.00808224601112478 -0.0109544329304484 2.78027846248092
0.194799999999997 0.00532118626561918 0.00436263672361669 2.78714106272413
0.194999999999996 -0.0112804585711703 0.00891823968367378 2.7743470665262
0.195199999999997 0.0178167875262871 0.0257394479246168 2.79429898821196
0.195399999999997 0.00271218548666668 -0.0325652187781112 2.77521536707808
0.195599999999996 0.00621451245534507 0.00900909813747436 2.79735660369833
0.195799999999997 -0.0089173183418802 0.00805033252686966 2.80142231066839
0.195999999999997 -0.0115182366729303 -0.00309528768038639 2.8008535879823
0.196199999999996 0.00312081026212206 -0.0189265218760295 2.78679557575405
0.196399999999997 0.0205876411147707 0.0018783663487228 2.79805780608715
0.196599999999997 -0.0145718778447836 0.0117841789163505 2.78564120095764
0.196799999999996 -0.0102119905616435 0.00225669527829421 2.79158035536025
0.196999999999997 0.00935480537849386 -0.010009353905183 2.7836168373964
0.197199999999997 -0.0121596600028475 -0.0216005147766631 2.77030479311741
0.197399999999996 0.00907119495421254 0.0235507613234726 2.78817960664297
0.197599999999997 -0.0133346123748117 -0.0127849278192329 2.75168940271169
0.197799999999997 0.0183302892592078 0.0118409341691554 2.76564973642416
0.197999999999996 0.00664655997681656 0.00121823145423948 2.74269670646561
0.198199999999997 -0.00525161951885216 -0.00970648332641791 2.74367309630947
0.198399999999997 0.0206956088084442 0.0342479303595777 2.76414262467229
0.198599999999997 -0.0296575744251062 -0.0240619755833328 2.73271847138971
0.198799999999997 0.0365179516528803 0.0162375013255525 2.76895700004527
0.198999999999997 -0.0235124349661884 -0.00335963919378115 2.75420159519874
0.199199999999996 0.0211249893683424 0.0153068368230475 2.76694871953781
0.199399999999997 -0.0051794784513983 -0.0100712934526198 2.75305795431953
0.199599999999997 0.00616190428283924 0.00441428193056138 2.76345103071118
0.199799999999997 0.013870642562482 0.00729096082111357 2.77674866986929
0.199999999999997 -0.0131808317947603 -0.0053079458560878 2.77097480363958
